Temperature (K)	Pressure (atm)	Density (g/ml)	Volume (ml/g)	Internal Energy (kJ/kg)	Enthalpy (kJ/kg)	Entropy (J/g*K)	Cv (J/g*K)	Cp (J/g*K)	Sound Spd. (m/s)	Joule-Thomson (F/atm)	Viscosity (uPa*s)	Therm. Cond. (W/m*K)	Phase
273.16	0.0060366	4,85E-02	2,06E+09	2374.9	2500.9	91.555	14.184	18.844	409.00	108.09	89.458	0.016761	vapor
273.78	0.0063155	5,07E-02	1,97E+09	2375.8	2502.1	91.388	14.189	18.850	409.45	105.96	89.636	0.016801	vapor
274.41	0.0066058	5,29E-02	1,89E+09	2376.6	2503.2	91.223	14.194	18.856	409.90	103.88	89.815	0.016841	vapor
275.03	0.0069078	5,52E-02	1,81E+09	2377.5	2504.3	91.058	14.199	18.862	410.35	101.84	89.995	0.016881	vapor
275.65	0.0072220	5,76E-02	1,74E+09	2378.4	2505.5	90.895	14.205	18.868	410.80	99.839	90.175	0.016921	vapor
276.28	0.0075488	6,00E-02	1,67E+09	2379.2	2506.6	90.732	14.210	18.875	411.25	97.884	90.356	0.016961	vapor
276.90	0.0078887	6,26E-02	1,60E+09	2380.1	2507.8	90.570	14.215	18.881	411.70	95.970	90.537	0.017002	vapor
277.52	0.0082419	6,52E-02	1,53E+09	2380.9	2508.9	90.409	14.220	18.888	412.15	94.098	90.719	0.017042	vapor
278.15	0.0086091	6,80E-02	1,47E+09	2381.8	2510.1	90.249	14.226	18.894	412.60	92.265	90.901	0.017083	vapor
278.77	0.0089907	7,09E-02	1,41E+09	2382.6	2511.2	90.090	14.231	18.901	413.04	90.472	91.084	0.017124	vapor
279.39	0.0093871	7,38E-02	1,35E+09	2383.5	2512.3	89.932	14.236	18.907	413.49	88.718	91.267	0.017164	vapor
280.02	0.0097989	7,69E-02	1,30E+09	2384.3	2513.5	89.775	14.242	18.914	413.94	87.002	91.451	0.017205	vapor
280.64	0.010227	8,01E-02	1,25E+09	2385.2	2514.6	89.619	14.247	18.920	414.38	85.323	91.636	0.017246	vapor
281.26	0.010671	8,34E-02	1,20E+09	2386.1	2515.8	89.463	14.253	18.927	414.82	83.681	91.821	0.017287	vapor
281.89	0.011132	8,68E-02	1,15E+09	2386.9	2516.9	89.309	14.258	18.933	415.27	82.075	92.006	0.017328	vapor
282.51	0.011610	9,03E-02	1,11E+09	2387.8	2518.0	89.155	14.264	18.940	415.71	80.504	92.192	0.017370	vapor
283.13	0.012106	9,40E-02	1,06E+09	2388.6	2519.2	89.002	14.269	18.947	416.15	78.967	92.379	0.017411	vapor
283.75	0.012622	9,77E-02	1,02E+09	2389.5	2520.3	88.850	14.274	18.954	416.60	77.465	92.566	0.017452	vapor
284.38	0.013156	1,02E-01	98365.	2390.3	2521.5	88.699	14.280	18.960	417.04	75.995	92.753	0.017494	vapor
285.00	0.013710	1,06E-01	94594.	2391.2	2522.6	88.549	14.285	18.967	417.48	74.558	92.941	0.017535	vapor
285.62	0.014284	1,10E-01	90986.	2392.0	2523.7	88.399	14.291	18.974	417.92	73.153	93.130	0.017577	vapor
286.25	0.014880	1,14E-01	87533.	2392.9	2524.9	88.251	14.297	18.981	418.36	71.780	93.319	0.017619	vapor
286.87	0.015497	1,19E-01	84227.	2393.7	2526.0	88.103	14.302	18.988	418.79	70.437	93.508	0.017661	vapor
287.49	0.016137	1,23E-01	81062.	2394.6	2527.1	87.956	14.308	18.995	419.23	69.124	93.698	0.017703	vapor
288.12	0.016800	1,28E-01	78030.	2395.4	2528.3	87.810	14.313	19.002	419.67	67.840	93.888	0.017745	vapor
288.74	0.017486	1,33E-01	75127.	2396.3	2529.4	87.665	14.319	19.009	420.11	66.585	94.079	0.017787	vapor
289.36	0.018197	1,38E-01	72345.	2397.2	2530.5	87.520	14.324	19.016	420.54	65.359	94.270	0.017829	vapor
289.99	0.018933	1,44E-01	69679.	2398.0	2531.7	87.377	14.330	19.023	420.98	64.160	94.462	0.017871	vapor
290.61	0.019696	1,49E-01	67125.	2398.9	2532.8	87.234	14.336	19.030	421.41	62.987	94.654	0.017914	vapor
291.23	0.020485	1,55E-01	64675.	2399.7	2533.9	87.092	14.341	19.037	421.85	61.842	94.846	0.017956	vapor
291.86	0.021301	1,60E-01	62327.	2400.6	2535.1	86.951	14.347	19.044	422.28	60.722	95.039	0.017999	vapor
292.48	0.022146	1,66E-01	60075.	2401.4	2536.2	86.810	14.353	19.051	422.71	59.627	95.232	0.018041	vapor
293.10	0.023021	1,73E-01	57915.	2402.3	2537.3	86.670	14.358	19.058	423.15	58.557	95.426	0.018084	vapor
293.73	0.023925	1,79E-01	55843.	2403.1	2538.5	86.531	14.364	19.066	423.58	57.511	95.620	0.018127	vapor
294.35	0.024860	1,86E-01	53854.	2404.0	2539.6	86.393	14.370	19.073	424.01	56.489	95.815	0.018170	vapor
294.97	0.025827	1,93E-01	51946.	2404.8	2540.7	86.256	14.376	19.080	424.44	55.490	96.010	0.018213	vapor
295.60	0.026827	2,00E-01	50114.	2405.7	2541.9	86.119	14.381	19.088	424.87	54.513	96.205	0.018256	vapor
296.22	0.027860	2,07E-01	48355.	2406.5	2543.0	85.983	14.387	19.095	425.30	53.559	96.401	0.018299	vapor
296.84	0.028928	2,14E-01	46667.	2407.4	2544.1	85.848	14.393	19.103	425.73	52.626	96.597	0.018342	vapor
297.47	0.030031	2,22E-01	45045.	2408.2	2545.3	85.713	14.399	19.110	426.16	51.714	96.793	0.018386	vapor
298.09	0.031171	2,30E-01	43486.	2409.0	2546.4	85.580	14.404	19.117	426.58	50.823	96.990	0.018429	vapor
298.71	0.032349	2,38E-01	41989.	2409.9	2547.5	85.446	14.410	19.125	427.01	49.952	97.187	0.018473	vapor
299.34	0.033565	2,47E-01	40551.	2410.7	2548.7	85.314	14.416	19.133	427.44	49.100	97.385	0.018516	vapor
299.96	0.034821	2,55E-01	39168.	2411.6	2549.8	85.183	14.422	19.140	427.86	48.268	97.583	0.018560	vapor
300.58	0.036118	2,64E-01	37839.	2412.4	2550.9	85.052	14.428	19.148	428.29	47.455	97.781	0.018604	vapor
301.21	0.037456	2,74E-01	36561.	2413.3	2552.0	84.921	14.434	19.156	428.71	46.660	97.980	0.018648	vapor
301.83	0.038838	2,83E-01	35332.	2414.1	2553.2	84.792	14.440	19.163	429.13	45.882	98.179	0.018692	vapor
302.45	0.040263	2,93E-01	34150.	2415.0	2554.3	84.663	14.446	19.171	429.56	45.122	98.378	0.018736	vapor
303.07	0.041734	3,03E-01	33012.	2415.8	2555.4	84.535	14.452	19.179	429.98	44.380	98.577	0.018780	vapor
303.70	0.043251	3,13E-01	31918.	2416.7	2556.5	84.408	14.458	19.187	430.40	43.653	98.777	0.018825	vapor
304.32	0.044816	3,24E-01	30865.	2417.5	2557.7	84.281	14.464	19.195	430.82	42.944	98.978	0.018869	vapor
304.94	0.046430	3,35E-01	29852.	2418.3	2558.8	84.155	14.470	19.203	431.24	42.249	99.178	0.018914	vapor
305.57	0.048095	3,46E-01	28877.	2419.2	2559.9	84.029	14.476	19.211	431.66	41.571	99.379	0.018958	vapor
306.19	0.049810	3,58E-01	27937.	2420.0	2561.0	83.905	14.482	19.219	432.08	40.907	99.581	0.019003	vapor
306.81	0.051579	3,70E-01	27033.	2420.9	2562.1	83.781	14.488	19.227	432.50	40.259	99.782	0.019048	vapor
307.44	0.053402	3,82E-01	26162.	2421.7	2563.3	83.657	14.494	19.236	432.92	39.624	99.984	0.019093	vapor
308.06	0.055280	3,95E-01	25323.	2422.5	2564.4	83.534	14.500	19.244	433.33	39.004	10.019	0.019138	vapor
308.68	0.057216	4,08E-01	24515.	2423.4	2565.5	83.412	14.507	19.252	433.75	38.397	10.039	0.019183	vapor
309.31	0.059209	4,21E-01	23736.	2424.2	2566.6	83.291	14.513	19.261	434.17	37.804	10.059	0.019228	vapor
309.93	0.061263	4,35E-01	22985.	2425.1	2567.7	83.170	14.519	19.269	434.58	37.224	10.079	0.019273	vapor
310.55	0.063378	4,49E-01	22261.	2425.9	2568.9	83.050	14.526	19.278	434.99	36.656	10.100	0.019319	vapor
311.18	0.065556	4,64E-01	21564.	2426.7	2570.0	82.930	14.532	19.286	435.41	36.101	10.120	0.019364	vapor
311.80	0.067798	4,79E-01	20891.	2427.6	2571.1	82.811	14.538	19.295	435.82	35.558	10.141	0.019410	vapor
312.42	0.070107	4,94E-01	20242.	2428.4	2572.2	82.693	14.545	19.304	436.23	35.027	10.161	0.019456	vapor
313.05	0.072482	5,10E-01	19617.	2429.3	2573.3	82.575	14.551	19.313	436.64	34.507	10.181	0.019502	vapor
313.67	0.074928	5,26E-01	19013.	2430.1	2574.4	82.458	14.558	19.322	437.05	33.999	10.202	0.019548	vapor
314.29	0.077443	5,43E-01	18431.	2430.9	2575.6	82.341	14.564	19.331	437.46	33.501	10.222	0.019594	vapor
314.92	0.080032	5,60E-01	17869.	2431.8	2576.7	82.225	14.571	19.340	437.87	33.014	10.243	0.019640	vapor
315.54	0.082695	5,77E-01	17327.	2432.6	2577.8	82.110	14.578	19.349	438.28	32.538	10.264	0.019686	vapor
316.16	0.085433	5,95E-01	16804.	2433.4	2578.9	81.995	14.584	19.358	438.69	32.071	10.284	0.019733	vapor
316.79	0.088250	6,14E-01	16298.	2434.3	2580.0	81.881	14.591	19.367	439.10	31.615	10.305	0.019779	vapor
317.41	0.091146	6,33E-01	15810.	2435.1	2581.1	81.768	14.598	19.377	439.50	31.168	10.325	0.019826	vapor
318.03	0.094124	6,52E-01	15339.	2435.9	2582.2	81.655	14.605	19.386	439.91	30.731	10.346	0.019873	vapor
318.66	0.097185	6,72E-01	14884.	2436.8	2583.3	81.542	14.612	19.396	440.31	30.303	10.367	0.019919	vapor
319.28	0.10033	6,92E-01	14445.	2437.6	2584.4	81.430	14.619	19.405	440.72	29.884	10.387	0.019966	vapor
319.90	0.10356	7,13E-01	14020.	2438.4	2585.5	81.319	14.626	19.415	441.12	29.474	10.408	0.020014	vapor
320.53	0.10689	7,35E-01	13610.	2439.2	2586.6	81.208	14.633	19.425	441.52	29.072	10.429	0.020061	vapor
321.15	0.11030	7,57E-01	13213.	2440.1	2587.7	81.098	14.640	19.435	441.92	28.678	10.450	0.020108	vapor
321.77	0.11381	7,79E-01	12830.	2440.9	2588.9	80.989	14.647	19.445	442.33	28.293	10.470	0.020155	vapor
322.39	0.11741	8,03E-01	12459.	2441.7	2590.0	80.880	14.654	19.455	442.73	27.916	10.491	0.020203	vapor
323.02	0.12111	8,26E-01	12101.	2442.6	2591.1	80.771	14.661	19.465	443.12	27.546	10.512	0.020251	vapor
323.64	0.12491	8,51E-01	11755.	2443.4	2592.2	80.663	14.669	19.476	443.52	27.184	10.533	0.020298	vapor
324.26	0.12881	8,76E-01	11420.	2444.2	2593.3	80.556	14.676	19.486	443.92	26.829	10.554	0.020346	vapor
324.89	0.13281	9,01E-01	11096.	2445.0	2594.4	80.449	14.684	19.497	444.32	26.481	10.575	0.020394	vapor
325.51	0.13692	9,27E-01	10783.	2445.9	2595.5	80.343	14.691	19.507	444.71	26.141	10.596	0.020443	vapor
326.13	0.14114	9,54E-01	10479.	2446.7	2596.6	80.237	14.699	19.518	445.11	25.807	10.617	0.020491	vapor
326.76	0.14547	9,82E-01	10186.	2447.5	2597.6	80.132	14.707	19.529	445.50	25.479	10.637	0.020539	vapor
327.38	0.14992	0.00010099	9902.2	2448.3	2598.7	80.027	14.714	19.540	445.90	25.159	10.658	0.020588	vapor
328.00	0.15447	0.00010387	9627.4	2449.1	2599.8	79.923	14.722	19.551	446.29	24.844	10.679	0.020636	vapor
328.63	0.15915	0.00010682	9361.4	2450.0	2600.9	79.819	14.730	19.562	446.68	24.536	10.700	0.020685	vapor
329.25	0.16395	0.00010984	9103.9	2450.8	2602.0	79.716	14.738	19.574	447.07	24.234	10.722	0.020734	vapor
329.87	0.16887	0.00011294	8854.6	2451.6	2603.1	79.613	14.746	19.585	447.46	23.938	10.743	0.020783	vapor
330.50	0.17391	0.00011610	8613.2	2452.4	2604.2	79.511	14.754	19.597	447.85	23.647	10.764	0.020832	vapor
331.12	0.17909	0.00011934	8379.3	2453.2	2605.3	79.409	14.762	19.608	448.24	23.362	10.785	0.020882	vapor
331.74	0.18439	0.00012266	8152.8	2454.1	2606.4	79.308	14.770	19.620	448.63	23.083	10.806	0.020931	vapor
332.37	0.18983	0.00012605	7933.4	2454.9	2607.5	79.207	14.779	19.632	449.02	22.809	10.827	0.020981	vapor
332.99	0.19540	0.00012952	7720.8	2455.7	2608.6	79.107	14.787	19.644	449.40	22.540	10.848	0.021030	vapor
333.61	0.20111	0.00013307	7514.8	2456.5	2609.6	79.007	14.796	19.657	449.79	22.276	10.869	0.021080	vapor
334.24	0.20697	0.00013670	7315.2	2457.3	2610.7	78.908	14.804	19.669	450.17	22.017	10.890	0.021130	vapor
334.86	0.21296	0.00014042	7121.7	2458.1	2611.8	78.809	14.813	19.682	450.56	21.763	10.912	0.021180	vapor
335.48	0.21911	0.00014422	6934.1	2458.9	2612.9	78.711	14.822	19.694	450.94	21.514	10.933	0.021230	vapor
336.11	0.22540	0.00014810	6752.2	2459.8	2614.0	78.613	14.831	19.707	451.32	21.269	10.954	0.021281	vapor
336.73	0.23185	0.00015207	6575.9	2460.6	2615.0	78.516	14.839	19.720	451.70	21.029	10.975	0.021331	vapor
337.35	0.23846	0.00015613	6404.9	2461.4	2616.1	78.419	14.849	19.733	452.08	20.793	10.996	0.021382	vapor
337.98	0.24522	0.00016028	6239.1	2462.2	2617.2	78.323	14.858	19.746	452.46	20.561	11.018	0.021433	vapor
338.60	0.25214	0.00016452	6078.2	2463.0	2618.3	78.227	14.867	19.760	452.84	20.334	11.039	0.021484	vapor
339.22	0.25924	0.00016886	5922.2	2463.8	2619.4	78.131	14.876	19.773	453.21	20.111	11.060	0.021535	vapor
339.85	0.26649	0.00017329	5770.8	2464.6	2620.4	78.036	14.885	19.787	453.59	19.892	11.082	0.021586	vapor
340.47	0.27392	0.00017781	5623.9	2465.4	2621.5	77.942	14.895	19.801	453.97	19.676	11.103	0.021637	vapor
341.09	0.28153	0.00018244	5481.3	2466.2	2622.6	77.848	14.905	19.815	454.34	19.465	11.124	0.021689	vapor
341.71	0.28931	0.00018716	5342.9	2467.0	2623.6	77.754	14.914	19.829	454.71	19.257	11.146	0.021741	vapor
342.34	0.29728	0.00019199	5208.6	2467.8	2624.7	77.661	14.924	19.843	455.09	19.053	11.167	0.021792	vapor
342.96	0.30543	0.00019692	5078.2	2468.6	2625.8	77.568	14.934	19.858	455.46	18.853	11.188	0.021844	vapor
343.58	0.31376	0.00020195	4951.7	2469.4	2626.8	77.476	14.944	19.872	455.83	18.656	11.210	0.021897	vapor
344.21	0.32229	0.00020709	4828.7	2470.2	2627.9	77.384	14.954	19.887	456.20	18.462	11.231	0.021949	vapor
344.83	0.33102	0.00021234	4709.4	2471.0	2629.0	77.292	14.964	19.902	456.57	18.272	11.252	0.022001	vapor
345.45	0.33994	0.00021770	4593.5	2471.8	2630.0	77.201	14.974	19.917	456.93	18.085	11.274	0.022054	vapor
346.08	0.34906	0.00022317	4480.9	2472.6	2631.1	77.110	14.985	19.933	457.30	17.901	11.295	0.022107	vapor
346.70	0.35839	0.00022876	4371.5	2473.4	2632.1	77.020	14.995	19.948	457.67	17.720	11.317	0.022160	vapor
347.32	0.36793	0.00023446	4265.2	2474.2	2633.2	76.930	15.006	19.964	458.03	17.542	11.338	0.022213	vapor
347.95	0.37769	0.00024027	4161.9	2475.0	2634.3	76.841	15.017	19.980	458.39	17.367	11.360	0.022266	vapor
348.57	0.38766	0.00024621	4061.6	2475.8	2635.3	76.752	15.027	19.996	458.76	17.195	11.381	0.022319	vapor
349.19	0.39785	0.00025227	3964.0	2476.6	2636.4	76.663	15.038	20.012	459.12	17.026	11.402	0.022373	vapor
349.82	0.40826	0.00025845	3869.2	2477.4	2637.4	76.575	15.049	20.029	459.48	16.860	11.424	0.022427	vapor
350.44	0.41891	0.00026475	3777.1	2478.1	2638.5	76.488	15.061	20.045	459.84	16.697	11.445	0.022480	vapor
351.06	0.42978	0.00027119	3687.5	2478.9	2639.5	76.400	15.072	20.062	460.20	16.536	11.467	0.022535	vapor
351.69	0.44090	0.00027775	3600.4	2479.7	2640.6	76.313	15.083	20.079	460.55	16.377	11.488	0.022589	vapor
352.31	0.45225	0.00028444	3515.7	2480.5	2641.6	76.227	15.095	20.096	460.91	16.222	11.510	0.022643	vapor
352.93	0.46385	0.00029126	3433.3	2481.3	2642.7	76.140	15.106	20.114	461.27	16.068	11.531	0.022698	vapor
353.56	0.47570	0.00029822	3353.2	2482.1	2643.7	76.055	15.118	20.131	461.62	15.918	11.553	0.022753	vapor
354.18	0.48779	0.00030532	3275.3	2482.9	2644.7	75.969	15.130	20.149	461.97	15.769	11.574	0.022807	vapor
354.80	0.50015	0.00031256	3199.4	2483.6	2645.8	75.884	15.142	20.167	462.33	15.623	11.596	0.022863	vapor
355.43	0.51277	0.00031993	3125.7	2484.4	2646.8	75.800	15.154	20.185	462.68	15.479	11.618	0.022918	vapor
356.05	0.52565	0.00032745	3053.9	2485.2	2647.8	75.715	15.167	20.204	463.03	15.338	11.639	0.022973	vapor
356.67	0.53881	0.00033511	2984.1	2486.0	2648.9	75.631	15.179	20.222	463.38	15.198	11.661	0.023029	vapor
357.30	0.55224	0.00034293	2916.1	2486.7	2649.9	75.548	15.192	20.241	463.72	15.061	11.682	0.023085	vapor
357.92	0.56595	0.00035089	2849.9	2487.5	2650.9	75.465	15.204	20.260	464.07	14.926	11.704	0.023141	vapor
358.54	0.57994	0.00035900	2785.5	2488.3	2652.0	75.382	15.217	20.280	464.42	14.792	11.725	0.023197	vapor
359.17	0.59422	0.00036726	2722.8	2489.1	2653.0	75.300	15.230	20.299	464.76	14.661	11.747	0.023253	vapor
359.79	0.60879	0.00037569	2661.8	2489.8	2654.0	75.218	15.243	20.319	465.10	14.532	11.769	0.023310	vapor
360.41	0.62366	0.00038427	2602.4	2490.6	2655.1	75.136	15.256	20.339	465.45	14.405	11.790	0.023367	vapor
361.03	0.63883	0.00039301	2544.5	2491.4	2656.1	75.055	15.270	20.359	465.79	14.279	11.812	0.023424	vapor
361.66	0.65431	0.00040191	2488.1	2492.1	2657.1	74.974	15.283	20.379	466.13	14.156	11.833	0.023481	vapor
362.28	0.67010	0.00041098	2433.2	2492.9	2658.1	74.893	15.297	20.400	466.47	14.034	11.855	0.023538	vapor
362.90	0.68621	0.00042022	2379.7	2493.7	2659.1	74.813	15.310	20.421	466.81	13.914	11.877	0.023596	vapor
363.53	0.70264	0.00042962	2327.6	2494.4	2660.1	74.733	15.324	20.442	467.14	13.796	11.898	0.023653	vapor
364.15	0.71940	0.00043920	2276.9	2495.2	2661.2	74.653	15.338	20.464	467.48	13.679	11.920	0.023711	vapor
364.77	0.73648	0.00044895	2227.4	2496.0	2662.2	74.574	15.353	20.485	467.81	13.565	11.941	0.023769	vapor
365.40	0.75391	0.00045888	2179.2	2496.7	2663.2	74.495	15.367	20.507	468.15	13.451	11.963	0.023828	vapor
366.02	0.77167	0.00046899	2132.2	2497.5	2664.2	74.417	15.381	20.529	468.48	13.340	11.985	0.023886	vapor
366.64	0.78979	0.00047928	2086.5	2498.2	2665.2	74.338	15.396	20.551	468.81	13.230	12.006	0.023945	vapor
367.27	0.80825	0.00048975	2041.8	2499.0	2666.2	74.260	15.411	20.574	469.14	13.121	12.028	0.024004	vapor
367.89	0.82708	0.00050041	1998.3	2499.7	2667.2	74.183	15.426	20.597	469.47	13.014	12.050	0.024063	vapor
368.51	0.84626	0.00051126	1955.9	2500.5	2668.2	74.106	15.441	20.620	469.80	12.908	12.071	0.024122	vapor
369.14	0.86581	0.00052230	1914.6	2501.2	2669.2	74.029	15.456	20.643	470.12	12.804	12.093	0.024182	vapor
369.76	0.88574	0.00053354	1874.3	2502.0	2670.2	73.952	15.472	20.667	470.45	12.702	12.114	0.024241	vapor
370.38	0.90605	0.00054497	1835.0	2502.7	2671.2	73.876	15.487	20.691	470.77	12.600	12.136	0.024301	vapor
371.01	0.92674	0.00055661	1796.6	2503.5	2672.2	73.800	15.503	20.715	471.09	12.500	12.158	0.024362	vapor
371.63	0.94782	0.00056844	1759.2	2504.2	2673.2	73.724	15.519	20.740	471.42	12.402	12.179	0.024422	vapor
372.25	0.96930	0.00058048	1722.7	2505.0	2674.2	73.649	15.535	20.764	471.74	12.304	12.201	0.024483	vapor
372.88	0.99118	0.00059272	1687.1	2505.7	2675.1	73.574	15.551	20.789	472.06	12.208	12.223	0.024543	vapor
373.50	10.135	0.00060518	1652.4	2506.4	2676.1	73.499	15.568	20.815	472.37	12.113	12.244	0.024605	vapor
374.12	10.362	0.00061785	1618.5	2507.2	2677.1	73.425	15.584	20.840	472.69	12.020	12.266	0.024666	vapor
374.75	10.593	0.00063073	1585.5	2507.9	2678.1	73.351	15.601	20.866	473.01	11.927	12.288	0.024727	vapor
375.37	10.828	0.00064384	1553.2	2508.6	2679.1	73.277	15.618	20.892	473.32	11.836	12.309	0.024789	vapor
375.99	11.068	0.00065716	1521.7	2509.4	2680.0	73.204	15.635	20.919	473.63	11.746	12.331	0.024851	vapor
376.62	11.312	0.00067071	1491.0	2510.1	2681.0	73.130	15.652	20.945	473.94	11.657	12.353	0.024913	vapor
377.24	11.561	0.00068448	1461.0	2510.8	2682.0	73.058	15.669	20.972	474.25	11.570	12.374	0.024976	vapor
377.86	11.814	0.00069848	1431.7	2511.6	2682.9	72.985	15.687	21.000	474.56	11.483	12.396	0.025038	vapor
378.49	12.071	0.00071272	1403.1	2512.3	2683.9	72.913	15.705	21.027	474.87	11.397	12.417	0.025101	vapor
379.11	12.334	0.00072719	1375.2	2513.0	2684.9	72.841	15.723	21.055	475.18	11.313	12.439	0.025164	vapor
379.73	12.600	0.00074190	1347.9	2513.7	2685.8	72.769	15.741	21.083	475.48	11.229	12.461	0.025228	vapor
380.35	12.872	0.00075685	1321.3	2514.5	2686.8	72.698	15.759	21.112	475.79	11.147	12.482	0.025291	vapor
380.98	13.149	0.00077204	1295.3	2515.2	2687.7	72.626	15.778	21.141	476.09	11.065	12.504	0.025355	vapor
381.60	13.430	0.00078748	1269.9	2515.9	2688.7	72.556	15.796	21.170	476.39	10.985	12.526	0.025419	vapor
382.22	13.716	0.00080317	1245.1	2516.6	2689.7	72.485	15.815	21.199	476.69	10.905	12.547	0.025483	vapor
382.85	14.007	0.00081911	1220.8	2517.3	2690.6	72.415	15.834	21.229	476.99	10.826	12.569	0.025548	vapor
383.47	14.304	0.00083531	1197.2	2518.0	2691.5	72.345	15.853	21.259	477.29	10.749	12.591	0.025613	vapor
384.09	14.605	0.00085176	1174.0	2518.8	2692.5	72.275	15.873	21.290	477.58	10.672	12.612	0.025678	vapor
384.72	14.912	0.00086848	1151.4	2519.5	2693.4	72.206	15.892	21.320	477.88	10.596	12.634	0.025743	vapor
385.34	15.224	0.00088547	1129.3	2520.2	2694.4	72.136	15.912	21.351	478.17	10.521	12.656	0.025809	vapor
385.96	15.541	0.00090272	1107.8	2520.9	2695.3	72.067	15.932	21.383	478.46	10.447	12.677	0.025874	vapor
386.59	15.864	0.00092024	1086.7	2521.6	2696.2	71.999	15.952	21.415	478.75	10.373	12.699	0.025940	vapor
387.21	16.192	0.00093804	1066.0	2522.3	2697.2	71.930	15.973	21.447	479.04	10.301	12.720	0.026007	vapor
387.83	16.526	0.00095612	1045.9	2523.0	2698.1	71.862	15.993	21.479	479.33	10.229	12.742	0.026073	vapor
388.46	16.865	0.00097448	1026.2	2523.7	2699.0	71.794	16.014	21.512	479.62	10.158	12.764	0.026140	vapor
389.08	17.210	0.00099312	1006.9	2524.4	2700.0	71.727	16.035	21.545	479.90	10.088	12.785	0.026207	vapor
389.70	17.561	0.0010120	988.10	2525.1	2700.9	71.659	16.056	21.578	480.19	10.018	12.807	0.026274	vapor
390.33	17.917	0.0010313	969.68	2525.8	2701.8	71.592	16.077	21.612	480.47	99.495	12.829	0.026342	vapor
390.95	18.280	0.0010508	951.68	2526.4	2702.7	71.525	16.099	21.646	480.75	98.816	12.850	0.026410	vapor
391.57	18.648	0.0010706	934.07	2527.1	2703.6	71.459	16.121	21.681	481.03	98.143	12.872	0.026478	vapor
392.20	19.023	0.0010907	916.84	2527.8	2704.5	71.392	16.143	21.716	481.31	97.478	12.893	0.026547	vapor
392.82	19.403	0.0011111	900.00	2528.5	2705.4	71.326	16.165	21.751	481.59	96.820	12.915	0.026615	vapor
393.44	19.790	0.0011318	883.52	2529.2	2706.4	71.260	16.187	21.786	481.86	96.168	12.937	0.026684	vapor
394.07	20.183	0.0011529	867.40	2529.9	2707.3	71.195	16.210	21.822	482.14	95.524	12.958	0.026753	vapor
394.69	20.583	0.0011742	851.63	2530.5	2708.2	71.129	16.233	21.859	482.41	94.886	12.980	0.026823	vapor
395.31	20.989	0.0011959	836.20	2531.2	2709.0	71.064	16.255	21.895	482.68	94.254	13.001	0.026893	vapor
395.94	21.401	0.0012179	821.10	2531.9	2709.9	70.999	16.279	21.932	482.95	93.629	13.023	0.026963	vapor
396.56	21.820	0.0012402	806.33	2532.6	2710.8	70.934	16.302	21.970	483.22	93.010	13.045	0.027033	vapor
397.18	22.246	0.0012628	791.87	2533.2	2711.7	70.870	16.326	22.007	483.48	92.397	13.066	0.027104	vapor
397.81	22.678	0.0012858	777.72	2533.9	2712.6	70.806	16.349	22.046	483.75	91.790	13.088	0.027175	vapor
398.43	23.117	0.0013091	763.87	2534.6	2713.5	70.742	16.373	22.084	484.01	91.189	13.109	0.027246	vapor
399.05	23.563	0.0013328	750.32	2535.2	2714.4	70.678	16.398	22.123	484.28	90.594	13.131	0.027317	vapor
399.68	24.016	0.0013568	737.05	2535.9	2715.2	70.614	16.422	22.162	484.54	90.004	13.152	0.027389	vapor
400.30	24.477	0.0013811	724.06	2536.5	2716.1	70.551	16.447	22.202	484.80	89.420	13.174	0.027461	vapor
400.92	24.944	0.0014058	711.34	2537.2	2717.0	70.488	16.472	22.242	485.06	88.842	13.196	0.027534	vapor
401.54	25.418	0.0014308	698.89	2537.9	2717.9	70.425	16.497	22.283	485.31	88.269	13.217	0.027606	vapor
402.17	25.900	0.0014562	686.70	2538.5	2718.7	70.363	16.522	22.323	485.57	87.701	13.239	0.027679	vapor
402.79	26.389	0.0014820	674.77	2539.2	2719.6	70.300	16.547	22.365	485.82	87.139	13.260	0.027752	vapor
403.41	26.886	0.0015081	663.08	2539.8	2720.4	70.238	16.573	22.406	486.07	86.582	13.282	0.027826	vapor
404.04	27.390	0.0015346	651.63	2540.5	2721.3	70.176	16.599	22.448	486.32	86.030	13.303	0.027900	vapor
404.66	27.902	0.0015615	640.41	2541.1	2722.2	70.114	16.625	22.491	486.57	85.483	13.325	0.027974	vapor
405.28	28.422	0.0015887	629.43	2541.7	2723.0	70.053	16.651	22.534	486.82	84.940	13.346	0.028049	vapor
405.91	28.949	0.0016164	618.67	2542.4	2723.8	69.991	16.678	22.577	487.07	84.403	13.368	0.028123	vapor
406.53	29.485	0.0016444	608.13	2543.0	2724.7	69.930	16.705	22.620	487.31	83.870	13.389	0.028198	vapor
407.15	30.028	0.0016728	597.80	2543.6	2725.5	69.869	16.732	22.665	487.56	83.342	13.411	0.028274	vapor
407.78	30.579	0.0017016	587.69	2544.3	2726.4	69.808	16.759	22.709	487.80	82.819	13.432	0.028350	vapor
408.40	31.139	0.0017308	577.77	2544.9	2727.2	69.748	16.786	22.754	488.04	82.300	13.454	0.028426	vapor
409.02	31.707	0.0017604	568.06	2545.5	2728.0	69.688	16.814	22.799	488.28	81.786	13.475	0.028502	vapor
409.65	32.283	0.0017904	558.54	2546.2	2728.9	69.627	16.842	22.845	488.51	81.275	13.497	0.028579	vapor
410.27	32.867	0.0018208	549.21	2546.8	2729.7	69.567	16.870	22.891	488.75	80.770	13.518	0.028656	vapor
410.89	33.461	0.0018516	540.07	2547.4	2730.5	69.508	16.898	22.937	488.98	80.268	13.540	0.028733	vapor
411.52	34.062	0.0018828	531.11	2548.0	2731.3	69.448	16.927	22.984	489.21	79.771	13.561	0.028810	vapor
412.14	34.673	0.0019145	522.33	2548.6	2732.1	69.389	16.955	23.032	489.45	79.278	13.583	0.028888	vapor
412.76	35.292	0.0019466	513.72	2549.2	2732.9	69.330	16.984	23.079	489.68	78.789	13.604	0.028967	vapor
413.39	35.920	0.0019791	505.28	2549.8	2733.7	69.271	17.013	23.128	489.90	78.303	13.626	0.029045	vapor
414.01	36.557	0.0020121	497.00	2550.5	2734.6	69.212	17.043	23.176	490.13	77.822	13.647	0.029124	vapor
414.63	37.203	0.0020455	488.89	2551.1	2735.4	69.153	17.072	23.225	490.35	77.345	13.669	0.029204	vapor
415.26	37.859	0.0020793	480.93	2551.7	2736.1	69.095	17.102	23.275	490.58	76.871	13.690	0.029283	vapor
415.88	38.523	0.0021136	473.13	2552.3	2736.9	69.037	17.132	23.325	490.80	76.401	13.712	0.029363	vapor
416.50	39.197	0.0021483	465.48	2552.9	2737.7	68.979	17.162	23.375	491.02	75.935	13.733	0.029443	vapor
417.13	39.881	0.0021835	457.98	2553.4	2738.5	68.921	17.192	23.426	491.24	75.473	13.754	0.029524	vapor
417.75	40.573	0.0022191	450.63	2554.0	2739.3	68.863	17.223	23.477	491.45	75.014	13.776	0.029605	vapor
418.37	41.276	0.0022553	443.41	2554.6	2740.1	68.806	17.254	23.529	491.67	74.559	13.797	0.029686	vapor
419.00	41.988	0.0022918	436.33	2555.2	2740.9	68.748	17.285	23.581	491.88	74.107	13.819	0.029768	vapor
419.62	42.711	0.0023289	429.39	2555.8	2741.6	68.691	17.316	23.633	492.09	73.659	13.840	0.029850	vapor
420.24	43.443	0.0023664	422.58	2556.4	2742.4	68.634	17.348	23.686	492.30	73.214	13.861	0.029932	vapor
420.86	44.185	0.0024045	415.90	2557.0	2743.2	68.577	17.379	23.740	492.51	72.772	13.883	0.030015	vapor
421.49	44.937	0.0024430	409.34	2557.5	2743.9	68.521	17.411	23.793	492.72	72.334	13.904	0.030098	vapor
422.11	45.700	0.0024820	402.91	2558.1	2744.7	68.464	17.443	23.848	492.93	71.899	13.926	0.030182	vapor
422.73	46.473	0.0025215	396.60	2558.7	2745.4	68.408	17.475	23.902	493.13	71.468	13.947	0.030265	vapor
423.36	47.256	0.0025615	390.40	2559.2	2746.2	68.352	17.508	23.957	493.33	71.039	13.968	0.030350	vapor
423.98	48.050	0.0026020	384.32	2559.8	2746.9	68.296	17.541	24.013	493.53	70.614	13.990	0.030434	vapor
424.60	48.854	0.0026430	378.36	2560.4	2747.7	68.240	17.573	24.069	493.73	70.192	14.011	0.030519	vapor
425.23	49.670	0.0026845	372.51	2560.9	2748.4	68.185	17.607	24.125	493.93	69.773	14.032	0.030604	vapor
425.85	50.496	0.0027266	366.76	2561.5	2749.1	68.129	17.640	24.182	494.12	69.357	14.054	0.030690	vapor
426.47	51.333	0.0027692	361.12	2562.0	2749.9	68.074	17.673	24.240	494.32	68.943	14.075	0.030776	vapor
427.10	52.181	0.0028123	355.58	2562.6	2750.6	68.019	17.707	24.298	494.51	68.533	14.097	0.030862	vapor
427.72	53.040	0.0028559	350.15	2563.1	2751.3	67.964	17.741	24.356	494.70	68.126	14.118	0.030949	vapor
428.34	53.911	0.0029001	344.81	2563.7	2752.0	67.909	17.775	24.415	494.89	67.722	14.139	0.031036	vapor
428.97	54.793	0.0029448	339.58	2564.2	2752.7	67.854	17.809	24.474	495.08	67.321	14.161	0.031123	vapor
429.59	55.686	0.0029901	334.43	2564.8	2753.5	67.800	17.844	24.533	495.26	66.922	14.182	0.031211	vapor
430.21	56.591	0.0030360	329.38	2565.3	2754.2	67.745	17.878	24.593	495.45	66.527	14.203	0.031300	vapor
430.84	57.508	0.0030824	324.42	2565.8	2754.9	67.691	17.913	24.654	495.63	66.134	14.224	0.031388	vapor
431.46	58.436	0.0031294	319.56	2566.4	2755.6	67.637	17.948	24.715	495.81	65.743	14.246	0.031477	vapor
432.08	59.377	0.0031769	314.77	2566.9	2756.3	67.583	17.984	24.776	495.99	65.356	14.267	0.031567	vapor
432.71	60.329	0.0032250	310.08	2567.4	2757.0	67.530	18.019	24.838	496.17	64.971	14.288	0.031656	vapor
433.33	61.294	0.0032737	305.46	2567.9	2757.6	67.476	18.055	24.901	496.34	64.589	14.310	0.031747	vapor
433.95	62.271	0.0033230	300.93	2568.4	2758.3	67.422	18.091	24.963	496.52	64.210	14.331	0.031837	vapor
434.58	63.260	0.0033729	296.48	2569.0	2759.0	67.369	18.127	25.027	496.69	63.833	14.352	0.031928	vapor
435.20	64.261	0.0034234	292.11	2569.5	2759.7	67.316	18.163	25.090	496.86	63.459	14.374	0.032019	vapor
435.82	65.276	0.0034744	287.82	2570.0	2760.3	67.263	18.199	25.155	497.03	63.087	14.395	0.032111	vapor
436.45	66.302	0.0035261	283.60	2570.5	2761.0	67.210	18.236	25.219	497.20	62.718	14.416	0.032203	vapor
437.07	67.342	0.0035784	279.45	2571.0	2761.7	67.157	18.272	25.284	497.36	62.351	14.437	0.032296	vapor
437.69	68.395	0.0036314	275.38	2571.5	2762.3	67.105	18.309	25.350	497.53	61.987	14.459	0.032389	vapor
438.32	69.460	0.0036849	271.38	2572.0	2763.0	67.052	18.347	25.416	497.69	61.625	14.480	0.032482	vapor
438.94	70.539	0.0037391	267.45	2572.5	2763.6	67.000	18.384	25.483	497.85	61.266	14.501	0.032576	vapor
439.56	71.631	0.0037939	263.58	2573.0	2764.3	66.948	18.421	25.550	498.01	60.909	14.522	0.032670	vapor
440.18	72.737	0.0038494	259.78	2573.5	2764.9	66.896	18.459	25.617	498.17	60.555	14.544	0.032765	vapor
440.81	73.855	0.0039055	256.05	2573.9	2765.6	66.844	18.497	25.685	498.32	60.203	14.565	0.032860	vapor
441.43	74.988	0.0039622	252.38	2574.4	2766.2	66.792	18.535	25.753	498.48	59.853	14.586	0.032956	vapor
442.05	76.134	0.0040196	248.78	2574.9	2766.8	66.740	18.573	25.822	498.63	59.506	14.607	0.033051	vapor
442.68	77.294	0.0040777	245.23	2575.4	2767.4	66.689	18.611	25.892	498.78	59.161	14.629	0.033148	vapor
443.30	78.468	0.0041365	241.75	2575.8	2768.1	66.637	18.650	25.961	498.93	58.818	14.650	0.033244	vapor
443.92	79.656	0.0041959	238.33	2576.3	2768.7	66.586	18.688	26.032	499.07	58.478	14.671	0.033342	vapor
444.55	80.859	0.0042560	234.96	2576.8	2769.3	66.535	18.727	26.102	499.22	58.140	14.692	0.033439	vapor
445.17	82.075	0.0043168	231.65	2577.2	2769.9	66.484	18.766	26.174	499.36	57.804	14.714	0.033537	vapor
445.79	83.306	0.0043783	228.40	2577.7	2770.5	66.433	18.805	26.245	499.50	57.470	14.735	0.033636	vapor
446.42	84.552	0.0044405	225.20	2578.1	2771.1	66.382	18.845	26.318	499.64	57.139	14.756	0.033735	vapor
447.04	85.812	0.0045034	222.05	2578.6	2771.7	66.331	18.884	26.390	499.78	56.810	14.777	0.033834	vapor
447.66	87.087	0.0045670	218.96	2579.0	2772.3	66.281	18.924	26.464	499.92	56.483	14.798	0.033934	vapor
448.29	88.377	0.0046314	215.92	2579.5	2772.8	66.230	18.964	26.537	500.05	56.158	14.820	0.034034	vapor
448.91	89.682	0.0046964	212.93	2579.9	2773.4	66.180	19.003	26.611	500.18	55.835	14.841	0.034135	vapor
449.53	91.002	0.0047622	209.99	2580.4	2774.0	66.130	19.044	26.686	500.32	55.514	14.862	0.034236	vapor
450.16	92.338	0.0048288	207.09	2580.8	2774.6	66.080	19.084	26.761	500.44	55.196	14.883	0.034337	vapor
450.78	93.689	0.0048960	204.25	2581.2	2775.1	66.030	19.124	26.837	500.57	54.879	14.905	0.034440	vapor
451.40	95.055	0.0049641	201.45	2581.7	2775.7	65.980	19.165	26.913	500.70	54.565	14.926	0.034542	vapor
452.03	96.437	0.0050329	198.69	2582.1	2776.2	65.930	19.206	26.990	500.82	54.253	14.947	0.034645	vapor
452.65	97.835	0.0051024	195.99	2582.5	2776.8	65.880	19.246	27.067	500.94	53.943	14.968	0.034748	vapor
453.27	99.249	0.0051727	193.32	2582.9	2777.3	65.831	19.287	27.144	501.06	53.635	14.989	0.034852	vapor
453.90	10.068	0.0052438	190.70	2583.3	2777.9	65.781	19.329	27.222	501.18	53.328	15.011	0.034957	vapor
454.52	10.212	0.0053157	188.12	2583.7	2778.4	65.732	19.370	27.301	501.30	53.024	15.032	0.035062	vapor
455.14	10.359	0.0053884	185.59	2584.1	2778.9	65.683	19.411	27.380	501.41	52.722	15.053	0.035167	vapor
455.77	10.507	0.0054618	183.09	2584.5	2779.4	65.634	19.453	27.460	501.53	52.422	15.074	0.035273	vapor
456.39	10.656	0.0055361	180.63	2584.9	2780.0	65.585	19.495	27.540	501.64	52.124	15.095	0.035379	vapor
457.01	10.807	0.0056112	178.22	2585.3	2780.5	65.536	19.536	27.621	501.75	51.828	15.117	0.035486	vapor
457.64	10.960	0.0056871	175.84	2585.7	2781.0	65.487	19.578	27.702	501.85	51.534	15.138	0.035593	vapor
458.26	11.115	0.0057638	173.50	2586.1	2781.5	65.438	19.621	27.783	501.96	51.241	15.159	0.035701	vapor
458.88	11.271	0.0058413	171.19	2586.5	2782.0	65.390	19.663	27.866	502.06	50.951	15.180	0.035809	vapor
459.50	11.429	0.0059197	168.93	2586.9	2782.5	65.341	19.705	27.948	502.17	50.662	15.201	0.035917	vapor
460.13	11.589	0.0059990	166.70	2587.2	2783.0	65.293	19.748	28.032	502.27	50.376	15.223	0.036027	vapor
460.75	11.750	0.0060791	164.50	2587.6	2783.5	65.244	19.791	28.115	502.36	50.091	15.244	0.036136	vapor
461.37	11.913	0.0061600	162.34	2588.0	2783.9	65.196	19.833	28.200	502.46	49.808	15.265	0.036247	vapor
462.00	12.078	0.0062418	160.21	2588.3	2784.4	65.148	19.876	28.284	502.55	49.527	15.286	0.036357	vapor
462.62	12.245	0.0063245	158.11	2588.7	2784.9	65.100	19.919	28.370	502.65	49.248	15.307	0.036468	vapor
463.24	12.414	0.0064081	156.05	2589.1	2785.4	65.052	19.963	28.456	502.74	48.971	15.329	0.036580	vapor
463.87	12.584	0.0064926	154.02	2589.4	2785.8	65.004	20.006	28.542	502.83	48.695	15.350	0.036692	vapor
464.49	12.756	0.0065779	152.02	2589.8	2786.3	64.956	20.049	28.629	502.91	48.422	15.371	0.036805	vapor
465.11	12.930	0.0066642	150.06	2590.1	2786.7	64.909	20.093	28.717	503.00	48.150	15.392	0.036918	vapor
465.74	13.106	0.0067514	148.12	2590.5	2787.2	64.861	20.137	28.805	503.08	47.880	15.413	0.037032	vapor
466.36	13.284	0.0068395	146.21	2590.8	2787.6	64.814	20.180	28.893	503.16	47.612	15.435	0.037146	vapor
466.98	13.464	0.0069285	144.33	2591.1	2788.0	64.766	20.224	28.982	503.24	47.345	15.456	0.037261	vapor
467.61	13.645	0.0070184	142.48	2591.5	2788.5	64.719	20.269	29.072	503.32	47.080	15.477	0.037377	vapor
468.23	13.829	0.0071093	140.66	2591.8	2788.9	64.672	20.313	29.162	503.40	46.817	15.498	0.037492	vapor
468.85	14.014	0.0072012	138.87	2592.1	2789.3	64.625	20.357	29.253	503.47	46.556	15.520	0.037609	vapor
469.48	14.202	0.0072940	137.10	2592.4	2789.7	64.577	20.401	29.345	503.54	46.296	15.541	0.037726	vapor
470.10	14.391	0.0073878	135.36	2592.7	2790.1	64.530	20.446	29.437	503.61	46.039	15.562	0.037843	vapor
470.72	14.582	0.0074825	133.64	2593.0	2790.5	64.484	20.491	29.529	503.68	45.782	15.583	0.037961	vapor
471.35	14.775	0.0075783	131.96	2593.3	2790.9	64.437	20.535	29.622	503.74	45.528	15.605	0.038080	vapor
471.97	14.971	0.0076750	130.29	2593.6	2791.3	64.390	20.580	29.716	503.81	45.275	15.626	0.038199	vapor
472.59	15.168	0.0077727	128.66	2593.9	2791.7	64.343	20.625	29.811	503.87	45.024	15.647	0.038319	vapor
473.22	15.367	0.0078715	127.04	2594.2	2792.0	64.297	20.671	29.906	503.93	44.775	15.669	0.038439	vapor
473.84	15.568	0.0079712	125.45	2594.5	2792.4	64.250	20.716	30.001	503.99	44.527	15.690	0.038560	vapor
474.46	15.772	0.0080720	123.89	2594.8	2792.8	64.204	20.761	30.097	504.04	44.281	15.711	0.038681	vapor
475.09	15.977	0.0081738	122.34	2595.1	2793.1	64.157	20.807	30.194	504.10	44.036	15.732	0.038803	vapor
475.71	16.185	0.0082767	120.82	2595.4	2793.5	64.111	20.852	30.291	504.15	43.793	15.754	0.038926	vapor
476.33	16.394	0.0083806	119.32	2595.6	2793.8	64.065	20.898	30.389	504.20	43.552	15.775	0.039049	vapor
476.96	16.606	0.0084855	117.85	2595.9	2794.2	64.019	20.944	30.488	504.25	43.312	15.796	0.039173	vapor
477.58	16.820	0.0085916	116.39	2596.2	2794.5	63.972	20.990	30.587	504.29	43.074	15.818	0.039297	vapor
478.20	17.035	0.0086987	114.96	2596.4	2794.9	63.926	21.036	30.687	504.34	42.837	15.839	0.039422	vapor
478.82	17.253	0.0088069	113.55	2596.7	2795.2	63.880	21.082	30.787	504.38	42.602	15.860	0.039547	vapor
479.45	17.474	0.0089162	112.16	2596.9	2795.5	63.835	21.128	30.889	504.42	42.369	15.882	0.039674	vapor
480.07	17.696	0.0090266	110.78	2597.2	2795.8	63.789	21.174	30.990	504.46	42.137	15.903	0.039800	vapor
480.69	17.921	0.0091381	109.43	2597.4	2796.1	63.743	21.221	31.093	504.49	41.906	15.924	0.039928	vapor
481.32	18.148	0.0092507	108.10	2597.6	2796.4	63.697	21.267	31.196	504.53	41.678	15.946	0.040055	vapor
481.94	18.377	0.0093645	106.79	2597.9	2796.7	63.652	21.314	31.300	504.56	41.450	15.967	0.040184	vapor
482.56	18.608	0.0094794	105.49	2598.1	2797.0	63.606	21.361	31.404	504.59	41.224	15.989	0.040313	vapor
483.19	18.841	0.0095955	104.22	2598.3	2797.3	63.560	21.408	31.509	504.62	41.000	16.010	0.040443	vapor
483.81	19.077	0.0097127	102.96	2598.5	2797.6	63.515	21.455	31.615	504.64	40.777	16.032	0.040573	vapor
484.43	19.315	0.0098311	101.72	2598.8	2797.8	63.470	21.502	31.722	504.67	40.556	16.053	0.040704	vapor
485.06	19.556	0.0099507	100.50	2599.0	2798.1	63.424	21.549	31.829	504.69	40.336	16.074	0.040836	vapor
485.68	19.798	0.010071	99.291	2599.2	2798.4	63.379	21.597	31.937	504.71	40.117	16.096	0.040968	vapor
486.30	20.043	0.010193	98.103	2599.4	2798.6	63.334	21.644	32.046	504.72	39.900	16.117	0.041101	vapor
486.93	20.291	0.010317	96.931	2599.6	2798.9	63.289	21.692	32.155	504.74	39.685	16.139	0.041235	vapor
487.55	20.540	0.010441	95.776	2599.8	2799.1	63.243	21.739	32.265	504.75	39.470	16.160	0.041369	vapor
488.17	20.792	0.010567	94.637	2599.9	2799.3	63.198	21.787	32.376	504.76	39.258	16.182	0.041504	vapor
488.80	21.047	0.010694	93.514	2600.1	2799.5	63.153	21.835	32.488	504.77	39.046	16.203	0.041640	vapor
489.42	21.304	0.010822	92.407	2600.3	2799.8	63.108	21.883	32.600	504.78	38.836	16.225	0.041776	vapor
490.04	21.563	0.010951	91.315	2600.5	2800.0	63.063	21.931	32.713	504.78	38.628	16.247	0.041913	vapor
490.67	21.825	0.011082	90.239	2600.6	2800.2	63.018	21.979	32.827	504.78	38.420	16.268	0.042051	vapor
491.29	22.089	0.011214	89.177	2600.8	2800.4	62.974	22.027	32.942	504.78	38.214	16.290	0.042189	vapor
491.91	22.356	0.011347	88.129	2601.0	2800.6	62.929	22.076	33.057	504.78	38.010	16.311	0.042328	vapor
492.54	22.625	0.011482	87.096	2601.1	2800.8	62.884	22.124	33.173	504.78	37.807	16.333	0.042468	vapor
493.16	22.896	0.011617	86.078	2601.3	2800.9	62.839	22.173	33.290	504.77	37.605	16.355	0.042608	vapor
493.78	23.171	0.011755	85.073	2601.4	2801.1	62.795	22.222	33.408	504.76	37.404	16.376	0.042749	vapor
494.41	23.447	0.011893	84.082	2601.5	2801.3	62.750	22.271	33.527	504.75	37.205	16.398	0.042891	vapor
495.03	23.727	0.012033	83.104	2601.7	2801.4	62.706	22.320	33.646	504.73	37.007	16.420	0.043034	vapor
495.65	24.008	0.012174	82.140	2601.8	2801.6	62.661	22.369	33.767	504.72	36.811	16.442	0.043177	vapor
496.28	24.293	0.012317	81.189	2601.9	2801.7	62.617	22.418	33.888	504.70	36.615	16.463	0.043321	vapor
496.90	24.580	0.012461	80.250	2602.0	2801.9	62.572	22.467	34.010	504.68	36.421	16.485	0.043466	vapor
497.52	24.869	0.012606	79.324	2602.1	2802.0	62.528	22.517	34.133	504.66	36.229	16.507	0.043611	vapor
498.14	25.161	0.012753	78.411	2602.2	2802.1	62.483	22.566	34.257	504.63	36.037	16.529	0.043757	vapor
498.77	25.456	0.012902	77.510	2602.3	2802.3	62.439	22.616	34.382	504.61	35.847	16.551	0.043904	vapor
499.39	25.754	0.013051	76.621	2602.4	2802.4	62.395	22.665	34.507	504.58	35.658	16.572	0.044052	vapor
500.01	26.054	0.013202	75.744	2602.5	2802.5	62.350	22.715	34.634	504.55	35.470	16.594	0.044201	vapor
500.64	26.357	0.013355	74.878	2602.6	2802.6	62.306	22.765	34.761	504.51	35.284	16.616	0.044350	vapor
501.26	26.662	0.013509	74.024	2602.7	2802.7	62.262	22.815	34.890	504.47	35.098	16.638	0.044500	vapor
501.88	26.971	0.013665	73.181	2602.8	2802.8	62.218	22.866	35.019	504.44	34.914	16.660	0.044651	vapor
502.51	27.282	0.013822	72.349	2602.8	2802.8	62.174	22.916	35.149	504.39	34.731	16.682	0.044803	vapor
503.13	27.595	0.013980	71.529	2602.9	2802.9	62.129	22.966	35.281	504.35	34.549	16.704	0.044955	vapor
503.75	27.912	0.014141	70.719	2603.0	2803.0	62.085	23.017	35.413	504.31	34.369	16.726	0.045109	vapor
504.38	28.231	0.014302	69.920	2603.0	2803.0	62.041	23.068	35.546	504.26	34.189	16.748	0.045263	vapor
505.00	28.553	0.014465	69.131	2603.0	2803.1	61.997	23.118	35.681	504.21	34.011	16.770	0.045418	vapor
505.62	28.878	0.014630	68.352	2603.1	2803.1	61.953	23.169	35.816	504.15	33.834	16.792	0.045573	vapor
506.25	29.206	0.014796	67.584	2603.1	2803.1	61.909	23.220	35.952	504.10	33.658	16.815	0.045730	vapor
506.87	29.537	0.014964	66.825	2603.2	2803.1	61.865	23.272	36.090	504.04	33.483	16.837	0.045888	vapor
507.49	29.870	0.015134	66.076	2603.2	2803.2	61.821	23.323	36.228	503.98	33.309	16.859	0.046046	vapor
508.12	30.207	0.015305	65.337	2603.2	2803.2	61.777	23.374	36.368	503.92	33.137	16.881	0.046205	vapor
508.74	30.546	0.015478	64.608	2603.2	2803.2	61.733	23.426	36.508	503.85	32.965	16.904	0.046365	vapor
509.36	30.888	0.015652	63.888	2603.2	2803.2	61.690	23.477	36.650	503.78	32.795	16.926	0.046526	vapor
509.99	31.233	0.015829	63.177	2603.2	2803.2	61.646	23.529	36.793	503.71	32.626	16.948	0.046688	vapor
510.61	31.581	0.016006	62.475	2603.2	2803.1	61.602	23.581	36.937	503.64	32.457	16.971	0.046851	vapor
511.23	31.933	0.016186	61.782	2603.2	2803.1	61.558	23.633	37.082	503.57	32.290	16.993	0.047015	vapor
511.86	32.287	0.016367	61.098	2603.2	2803.1	61.514	23.685	37.229	503.49	32.124	17.015	0.047180	vapor
512.48	32.644	0.016550	60.423	2603.2	2803.0	61.470	23.738	37.376	503.41	31.959	17.038	0.047345	vapor
513.10	33.004	0.016735	59.756	2603.1	2803.0	61.426	23.790	37.525	503.32	31.795	17.060	0.047512	vapor
513.73	33.367	0.016921	59.097	2603.1	2802.9	61.383	23.843	37.675	503.24	31.632	17.083	0.047679	vapor
514.35	33.733	0.017109	58.447	2603.1	2802.8	61.339	23.895	37.826	503.15	31.470	17.106	0.047848	vapor
514.97	34.103	0.017300	57.805	2603.0	2802.7	61.295	23.948	37.979	503.06	31.309	17.128	0.048017	vapor
515.60	34.475	0.017491	57.171	2603.0	2802.7	61.251	24.001	38.133	502.97	31.149	17.151	0.048188	vapor
516.22	34.850	0.017685	56.545	2602.9	2802.6	61.207	24.054	38.288	502.87	30.991	17.174	0.048359	vapor
516.84	35.229	0.017880	55.927	2602.8	2802.5	61.164	24.108	38.444	502.77	30.833	17.196	0.048531	vapor
517.46	35.611	0.018078	55.316	2602.8	2802.4	61.120	24.161	38.602	502.67	30.676	17.219	0.048705	vapor
518.09	35.996	0.018277	54.713	2602.7	2802.2	61.076	24.214	38.761	502.57	30.520	17.242	0.048879	vapor
518.71	36.384	0.018478	54.118	2602.6	2802.1	61.032	24.268	38.921	502.46	30.365	17.265	0.049055	vapor
519.33	36.775	0.018681	53.530	2602.5	2802.0	60.989	24.322	39.083	502.35	30.211	17.288	0.049232	vapor
519.96	37.170	0.018886	52.949	2602.4	2801.8	60.945	24.376	39.246	502.24	30.058	17.311	0.049409	vapor
520.58	37.568	0.019093	52.375	2602.3	2801.7	60.901	24.430	39.411	502.12	29.906	17.334	0.049588	vapor
521.20	37.969	0.019302	51.808	2602.2	2801.5	60.857	24.484	39.577	502.01	29.754	17.357	0.049768	vapor
521.83	38.373	0.019513	51.249	2602.1	2801.3	60.814	24.539	39.745	501.89	29.604	17.380	0.049949	vapor
522.45	38.780	0.019726	50.696	2601.9	2801.1	60.770	24.593	39.914	501.76	29.455	17.403	0.050131	vapor
523.07	39.191	0.019940	50.149	2601.8	2801.0	60.726	24.648	40.084	501.64	29.306	17.426	0.050314	vapor
523.70	39.606	0.020157	49.610	2601.7	2800.8	60.682	24.703	40.257	501.51	29.159	17.450	0.050498	vapor
524.32	40.023	0.020376	49.077	2601.5	2800.6	60.638	24.758	40.430	501.38	29.012	17.473	0.050684	vapor
524.94	40.444	0.020597	48.550	2601.4	2800.3	60.595	24.813	40.606	501.24	28.867	17.496	0.050871	vapor
525.57	40.868	0.020821	48.030	2601.2	2800.1	60.551	24.868	40.783	501.11	28.722	17.520	0.051058	vapor
526.19	41.296	0.021046	47.515	2601.1	2799.9	60.507	24.924	40.961	500.97	28.578	17.543	0.051248	vapor
526.81	41.727	0.021273	47.008	2600.9	2799.6	60.463	24.980	41.142	500.82	28.435	17.567	0.051438	vapor
527.44	42.162	0.021503	46.506	2600.7	2799.4	60.419	25.035	41.324	500.68	28.293	17.590	0.051629	vapor
528.06	42.600	0.021734	46.010	2600.5	2799.1	60.375	25.091	41.507	500.53	28.151	17.614	0.051822	vapor
528.68	43.041	0.021968	45.520	2600.3	2798.8	60.331	25.147	41.693	500.38	28.011	17.638	0.052016	vapor
529.31	43.486	0.022205	45.036	2600.1	2798.6	60.287	25.204	41.880	500.22	27.871	17.662	0.052212	vapor
529.93	43.935	0.022443	44.557	2599.9	2798.3	60.243	25.260	42.069	500.07	27.732	17.685	0.052408	vapor
530.55	44.387	0.022684	44.085	2599.7	2798.0	60.200	25.317	42.260	499.91	27.594	17.709	0.052606	vapor
531.18	44.842	0.022927	43.617	2599.5	2797.7	60.156	25.374	42.452	499.74	27.457	17.733	0.052806	vapor
531.80	45.301	0.023172	43.156	2599.2	2797.3	60.112	25.431	42.647	499.58	27.320	17.757	0.053006	vapor
532.42	45.764	0.023420	42.699	2599.0	2797.0	60.067	25.488	42.844	499.41	27.185	17.781	0.053209	vapor
533.05	46.230	0.023670	42.248	2598.8	2796.7	60.023	25.545	43.042	499.24	27.050	17.805	0.053412	vapor
533.67	46.700	0.023922	41.803	2598.5	2796.3	59.979	25.603	43.242	499.06	26.916	17.830	0.053617	vapor
534.29	47.174	0.024177	41.362	2598.2	2796.0	59.935	25.661	43.445	498.88	26.783	17.854	0.053823	vapor
534.92	47.651	0.024434	40.927	2598.0	2795.6	59.891	25.719	43.649	498.70	26.650	17.878	0.054031	vapor
535.54	48.132	0.024694	40.496	2597.7	2795.2	59.847	25.777	43.856	498.52	26.518	17.903	0.054241	vapor
536.16	48.617	0.024956	40.071	2597.4	2794.8	59.803	25.835	44.065	498.33	26.387	17.927	0.054451	vapor
536.78	49.105	0.025220	39.650	2597.1	2794.4	59.758	25.893	44.276	498.14	26.257	17.952	0.054664	vapor
537.41	49.597	0.025488	39.235	2596.8	2794.0	59.714	25.952	44.489	497.94	26.128	17.977	0.054878	vapor
538.03	50.093	0.025757	38.824	2596.5	2793.6	59.670	26.011	44.704	497.75	25.999	18.001	0.055093	vapor
538.65	50.593	0.026030	38.418	2596.2	2793.1	59.625	26.070	44.922	497.55	25.871	18.026	0.055310	vapor
539.28	51.096	0.026305	38.016	2595.9	2792.7	59.581	26.129	45.142	497.34	25.744	18.051	0.055529	vapor
539.90	51.603	0.026582	37.619	2595.5	2792.2	59.537	26.189	45.364	497.13	25.617	18.076	0.055749	vapor
540.52	52.114	0.026863	37.227	2595.2	2791.8	59.492	26.248	45.589	496.92	25.491	18.101	0.055971	vapor
541.15	52.629	0.027145	36.839	2594.9	2791.3	59.448	26.308	45.816	496.71	25.366	18.126	0.056195	vapor
541.77	53.148	0.027431	36.455	2594.5	2790.8	59.403	26.368	46.045	496.49	25.242	18.151	0.056420	vapor
542.39	53.671	0.027720	36.075	2594.1	2790.3	59.358	26.428	46.278	496.27	25.118	18.177	0.056648	vapor
543.02	54.197	0.028011	35.700	2593.8	2789.8	59.314	26.489	46.512	496.05	24.995	18.202	0.056877	vapor
543.64	54.728	0.028305	35.330	2593.4	2789.3	59.269	26.550	46.750	495.82	24.873	18.228	0.057107	vapor
544.26	55.263	0.028602	34.963	2593.0	2788.8	59.224	26.610	46.989	495.59	24.751	18.253	0.057340	vapor
544.89	55.801	0.028902	34.600	2592.6	2788.2	59.179	26.672	47.232	495.36	24.630	18.279	0.057574	vapor
545.51	56.344	0.029204	34.241	2592.2	2787.7	59.134	26.733	47.478	495.12	24.509	18.305	0.057811	vapor
546.13	56.890	0.029510	33.887	2591.7	2787.1	59.090	26.794	47.726	494.88	24.390	18.331	0.058049	vapor
546.76	57.441	0.029819	33.536	2591.3	2786.5	59.045	26.856	47.977	494.64	24.270	18.357	0.058290	vapor
547.38	57.995	0.030130	33.189	2590.9	2785.9	58.999	26.918	48.231	494.39	24.152	18.383	0.058532	vapor
548.00	58.554	0.030445	32.846	2590.4	2785.3	58.954	26.980	48.488	494.14	24.034	18.409	0.058776	vapor
548.63	59.117	0.030763	32.507	2590.0	2784.7	58.909	27.043	48.748	493.88	23.917	18.435	0.059023	vapor
549.25	59.684	0.031084	32.171	2589.5	2784.1	58.864	27.105	49.011	493.63	23.800	18.462	0.059271	vapor
549.87	60.255	0.031408	31.840	2589.0	2783.4	58.819	27.168	49.277	493.36	23.684	18.488	0.059522	vapor
550.50	60.830	0.031735	31.511	2588.6	2782.8	58.773	27.232	49.546	493.10	23.569	18.515	0.059775	vapor
551.12	61.409	0.032065	31.187	2588.1	2782.1	58.728	27.295	49.819	492.83	23.454	18.542	0.060030	vapor
551.74	61.993	0.032399	30.865	2587.6	2781.4	58.682	27.358	50.095	492.56	23.340	18.568	0.060288	vapor
552.37	62.581	0.032736	30.548	2587.0	2780.8	58.637	27.422	50.374	492.28	23.226	18.595	0.060547	vapor
552.99	63.173	0.033076	30.233	2586.5	2780.1	58.591	27.486	50.657	492.00	23.113	18.622	0.060809	vapor
553.61	63.769	0.033420	29.922	2586.0	2779.3	58.545	27.551	50.944	491.71	23.001	18.650	0.061074	vapor
554.24	64.370	0.033767	29.615	2585.5	2778.6	58.499	27.615	51.234	491.43	22.889	18.677	0.061341	vapor
554.86	64.975	0.034117	29.311	2584.9	2777.9	58.453	27.680	51.527	491.13	22.778	18.705	0.061610	vapor
555.48	65.584	0.034471	29.009	2584.3	2777.1	58.407	27.745	51.824	490.84	22.667	18.732	0.061882	vapor
556.10	66.198	0.034829	28.712	2583.8	2776.3	58.361	27.811	52.126	490.54	22.557	18.760	0.062157	vapor
556.73	66.816	0.035190	28.417	2583.2	2775.6	58.315	27.876	52.431	490.24	22.447	18.788	0.062434	vapor
557.35	67.438	0.035555	28.125	2582.6	2774.8	58.269	27.942	52.740	489.93	22.338	18.816	0.062714	vapor
557.97	68.065	0.035924	27.837	2582.0	2774.0	58.222	28.008	53.053	489.62	22.230	18.844	0.062996	vapor
558.60	68.696	0.036296	27.551	2581.4	2773.1	58.176	28.075	53.370	489.30	22.122	18.872	0.063282	vapor
559.22	69.332	0.036672	27.269	2580.7	2772.3	58.129	28.141	53.691	488.98	22.014	18.901	0.063570	vapor
559.84	69.973	0.037051	26.990	2580.1	2771.5	58.083	28.208	54.017	488.66	21.907	18.929	0.063861	vapor
560.47	70.617	0.037435	26.713	2579.4	2770.6	58.036	28.275	54.347	488.33	21.801	18.958	0.064155	vapor
561.09	71.267	0.037823	26.439	2578.8	2769.7	57.989	28.343	54.682	488.00	21.695	18.987	0.064452	vapor
561.71	71.921	0.038214	26.168	2578.1	2768.8	57.942	28.411	55.021	487.67	21.589	19.016	0.064753	vapor
562.34	72.579	0.038610	25.900	2577.4	2767.9	57.895	28.479	55.365	487.33	21.484	19.045	0.065056	vapor
562.96	73.242	0.039009	25.635	2576.7	2767.0	57.848	28.547	55.713	486.98	21.380	19.074	0.065363	vapor
563.58	73.910	0.039413	25.372	2576.0	2766.0	57.801	28.616	56.067	486.63	21.276	19.104	0.065672	vapor
564.21	74.582	0.039821	25.113	2575.3	2765.1	57.753	28.685	56.426	486.28	21.172	19.133	0.065986	vapor
564.83	75.259	0.040233	24.855	2574.6	2764.1	57.706	28.754	56.789	485.92	21.069	19.163	0.066302	vapor
565.45	75.941	0.040649	24.601	2573.8	2763.1	57.658	28.823	57.158	485.56	20.967	19.193	0.066623	vapor
566.08	76.627	0.041070	24.349	2573.1	2762.1	57.610	28.893	57.533	485.20	20.865	19.223	0.066946	vapor
566.70	77.318	0.041495	24.099	2572.3	2761.1	57.562	28.963	57.912	484.83	20.763	19.254	0.067274	vapor
567.32	78.014	0.041924	23.852	2571.5	2760.1	57.514	29.034	58.298	484.45	20.662	19.284	0.067605	vapor
567.95	78.715	0.042358	23.608	2570.7	2759.0	57.466	29.104	58.689	484.07	20.561	19.315	0.067940	vapor
568.57	79.420	0.042797	23.366	2569.9	2758.0	57.418	29.175	59.086	483.69	20.461	19.346	0.068279	vapor
569.19	80.131	0.043240	23.127	2569.1	2756.9	57.370	29.247	59.489	483.30	20.361	19.377	0.068622	vapor
569.82	80.846	0.043688	22.889	2568.3	2755.8	57.321	29.318	59.898	482.91	20.261	19.409	0.068969	vapor
570.44	81.566	0.044141	22.655	2567.5	2754.7	57.272	29.390	60.313	482.51	20.162	19.440	0.069320	vapor
571.06	82.291	0.044599	22.422	2566.6	2753.6	57.224	29.463	60.735	482.11	20.064	19.472	0.069676	vapor
571.69	83.021	0.045061	22.192	2565.7	2752.4	57.175	29.535	61.163	481.70	19.965	19.504	0.070036	vapor
572.31	83.756	0.045529	21.964	2564.8	2751.2	57.125	29.609	61.599	481.29	19.868	19.536	0.070400	vapor
572.93	84.496	0.046001	21.738	2563.9	2750.1	57.076	29.682	62.041	480.88	19.770	19.568	0.070770	vapor
573.56	85.241	0.046479	21.515	2563.0	2748.9	57.027	29.756	62.490	480.45	19.673	19.601	0.071143	vapor
574.18	85.991	0.046962	21.294	2562.1	2747.6	56.977	29.830	62.946	480.03	19.576	19.634	0.071522	vapor
574.80	86.746	0.047450	21.075	2561.2	2746.4	56.927	29.904	63.410	479.60	19.480	19.667	0.071905	vapor
575.42	87.506	0.047944	20.858	2560.2	2745.1	56.877	29.979	63.882	479.16	19.384	19.700	0.072294	vapor
576.05	88.271	0.048443	20.643	2559.2	2743.9	56.827	30.054	64.361	478.72	19.289	19.734	0.072688	vapor
576.67	89.042	0.048947	20.430	2558.2	2742.6	56.777	30.129	64.849	478.27	19.194	19.767	0.073087	vapor
577.29	89.817	0.049457	20.219	2557.2	2741.3	56.727	30.205	65.345	477.82	19.099	19.802	0.073492	vapor
577.92	90.598	0.049973	20.011	2556.2	2739.9	56.676	30.281	65.849	477.37	19.004	19.836	0.073902	vapor
578.54	91.384	0.050495	19.804	2555.2	2738.6	56.625	30.358	66.362	476.90	18.910	19.870	0.074318	vapor
579.16	92.175	0.051022	19.599	2554.2	2737.2	56.574	30.435	66.884	476.44	18.817	19.905	0.074740	vapor
579.79	92.971	0.051556	19.396	2553.1	2735.8	56.523	30.512	67.415	475.97	18.723	19.940	0.075167	vapor
580.41	93.773	0.052095	19.196	2552.0	2734.4	56.472	30.590	67.955	475.49	18.630	19.976	0.075602	vapor
581.03	94.580	0.052641	18.997	2550.9	2733.0	56.420	30.668	68.505	475.00	18.537	20.012	0.076042	vapor
581.66	95.393	0.053193	18.799	2549.8	2731.5	56.368	30.747	69.065	474.52	18.445	20.048	0.076489	vapor
582.28	96.210	0.053751	18.604	2548.7	2730.0	56.316	30.826	69.636	474.02	18.353	20.084	0.076943	vapor
582.90	97.034	0.054316	18.411	2547.5	2728.5	56.264	30.905	70.217	473.52	18.261	20.120	0.077403	vapor
583.53	97.862	0.054888	18.219	2546.4	2727.0	56.212	30.985	70.808	473.02	18.170	20.157	0.077871	vapor
584.15	98.696	0.055466	18.029	2545.2	2725.5	56.159	31.065	71.411	472.50	18.078	20.195	0.078346	vapor
584.77	99.536	0.056051	17.841	2544.0	2723.9	56.106	31.146	72.025	471.99	17.987	20.232	0.078828	vapor
585.40	100.38	0.056643	17.655	2542.8	2722.3	56.053	31.227	72.652	471.46	17.897	20.270	0.079318	vapor
586.02	101.23	0.057242	17.470	2541.5	2720.7	56.000	31.309	73.290	470.93	17.806	20.308	0.079816	vapor
586.64	102.09	0.057848	17.287	2540.3	2719.1	55.947	31.391	73.941	470.40	17.716	20.347	0.080323	vapor
587.27	102.95	0.058461	17.105	2539.0	2717.4	55.893	31.473	74.605	469.86	17.626	20.386	0.080837	vapor
587.89	103.82	0.059082	16.926	2537.7	2715.8	55.839	31.556	75.282	469.31	17.537	20.425	0.081360	vapor
588.51	104.69	0.059710	16.748	2536.4	2714.1	55.784	31.639	75.972	468.76	17.447	20.465	0.081892	vapor
589.14	105.57	0.060347	16.571	2535.1	2712.3	55.730	31.723	76.677	468.20	17.358	20.505	0.082433	vapor
589.76	106.45	0.060991	16.396	2533.7	2710.6	55.675	31.808	77.397	467.63	17.270	20.545	0.082984	vapor
590.38	107.34	0.061642	16.223	2532.4	2708.8	55.620	31.893	78.132	467.06	17.181	20.586	0.083544	vapor
591.01	108.24	0.062303	16.051	2531.0	2707.0	55.565	31.978	78.882	466.48	17.093	20.628	0.084114	vapor
591.63	109.14	0.062971	15.880	2529.5	2705.2	55.509	32.064	79.648	465.89	17.004	20.669	0.084695	vapor
592.25	110.05	0.063648	15.711	2528.1	2703.3	55.453	32.150	80.431	465.30	16.916	20.711	0.085286	vapor
592.88	110.96	0.064333	15.544	2526.7	2701.4	55.397	32.237	81.231	464.70	16.829	20.754	0.085887	vapor
593.50	111.88	0.065028	15.378	2525.2	2699.5	55.340	32.325	82.049	464.09	16.741	20.797	0.086501	vapor
594.12	112.81	0.065731	15.214	2523.7	2697.6	55.284	32.413	82.885	463.48	16.654	20.841	0.087125	vapor
594.74	113.74	0.066444	15.050	2522.2	2695.6	55.226	32.501	83.740	462.86	16.567	20.885	0.087762	vapor
595.37	114.68	0.067165	14.889	2520.6	2693.6	55.169	32.590	84.615	462.23	16.480	20.929	0.088411	vapor
595.99	115.62	0.067897	14.728	2519.0	2691.6	55.111	32.680	85.511	461.59	16.393	20.974	0.089073	vapor
596.61	116.57	0.068638	14.569	2517.4	2689.5	55.053	32.770	86.427	460.95	16.306	21.020	0.089748	vapor
597.24	117.52	0.069389	14.412	2515.8	2687.4	54.995	32.861	87.365	460.30	16.220	21.066	0.090436	vapor
597.86	118.49	0.070150	14.255	2514.2	2685.3	54.936	32.953	88.326	459.64	16.133	21.112	0.091139	vapor
598.48	119.45	0.070921	14.100	2512.5	2683.2	54.877	33.045	89.311	458.98	16.047	21.159	0.091856	vapor
599.11	120.43	0.071703	13.946	2510.8	2681.0	54.817	33.137	90.320	458.30	15.961	21.207	0.092588	vapor
599.73	121.41	0.072496	13.794	2509.1	2678.8	54.757	33.231	91.354	457.62	15.875	21.255	0.093336	vapor
600.35	122.40	0.073300	13.642	2507.3	2676.5	54.697	33.325	92.414	456.93	15.789	21.304	0.094100	vapor
600.98	123.39	0.074116	13.492	2505.6	2674.3	54.636	33.419	93.502	456.24	15.703	21.354	0.094880	vapor
601.60	124.39	0.074943	13.344	2503.8	2671.9	54.575	33.515	94.619	455.53	15.618	21.404	0.095678	vapor
602.22	125.39	0.075781	13.196	2501.9	2669.6	54.514	33.611	95.765	454.81	15.532	21.455	0.096493	vapor
602.85	126.40	0.076632	13.049	2500.1	2667.2	54.452	33.708	96.942	454.09	15.447	21.506	0.097327	vapor
603.47	127.42	0.077495	12.904	2498.2	2664.8	54.389	33.805	98.152	453.36	15.361	21.558	0.098180	vapor
604.09	128.45	0.078371	12.760	2496.3	2662.3	54.327	33.904	99.394	452.62	15.276	21.611	0.099053	vapor
604.72	129.48	0.079260	12.617	2494.3	2659.8	54.263	34.003	10.067	451.87	15.191	21.665	0.099947	vapor
605.34	130.52	0.080163	12.475	2492.3	2657.3	54.200	34.103	10.199	451.11	15.105	21.719	0.10086	vapor
605.96	131.56	0.081079	12.334	2490.3	2654.7	54.135	34.203	10.334	450.34	15.020	21.775	0.10180	vapor
606.59	132.61	0.082009	12.194	2488.2	2652.1	54.071	34.305	10.473	449.56	14.935	21.831	0.10276	vapor
607.21	133.67	0.082953	12.055	2486.2	2649.4	54.006	34.407	10.617	448.77	14.850	21.888	0.10374	vapor
607.83	134.74	0.083913	11.917	2484.0	2646.7	53.940	34.510	10.764	447.97	14.765	21.945	0.10475	vapor
608.46	135.81	0.084887	11.780	2481.9	2644.0	53.874	34.614	10.917	447.16	14.679	22.004	0.10578	vapor
609.08	136.89	0.085877	11.645	2479.7	2641.2	53.807	34.719	11.074	446.34	14.594	22.063	0.10685	vapor
609.70	137.97	0.086883	11.510	2477.5	2638.4	53.739	34.825	11.236	445.51	14.509	22.124	0.10794	vapor
610.33	139.06	0.087906	11.376	2475.2	2635.5	53.671	34.932	11.403	444.67	14.424	22.185	0.10905	vapor
610.95	140.16	0.088945	11.243	2472.9	2632.6	53.603	35.040	11.576	443.82	14.339	22.248	0.11020	vapor
611.57	141.27	0.090002	11.111	2470.6	2629.6	53.534	35.149	11.755	442.96	14.253	22.311	0.11138	vapor
612.20	142.38	0.091076	10.980	2468.2	2626.6	53.464	35.259	11.940	442.08	14.168	22.376	0.11259	vapor
612.82	143.50	0.092170	10.850	2465.7	2623.5	53.394	35.370	12.131	441.19	14.082	22.442	0.11384	vapor
613.44	144.63	0.093282	10.720	2463.3	2620.4	53.323	35.483	12.329	440.29	13.997	22.508	0.11513	vapor
614.06	145.76	0.094414	10.592	2460.8	2617.2	53.251	35.596	12.535	439.38	13.911	22.577	0.11645	vapor
614.69	146.90	0.095566	10.464	2458.2	2614.0	53.178	35.711	12.748	438.46	13.825	22.646	0.11781	vapor
615.31	148.05	0.096739	10.337	2455.6	2610.7	53.105	35.827	12.969	437.52	13.739	22.716	0.11921	vapor
615.93	149.21	0.097933	10.211	2452.9	2607.3	53.031	35.944	13.198	436.56	13.653	22.788	0.12065	vapor
616.56	150.37	0.099150	10.086	2450.2	2603.9	52.956	36.063	13.437	435.60	13.566	22.862	0.12214	vapor
617.18	151.54	0.10039	99.612	2447.5	2600.4	52.881	36.183	13.685	434.62	13.480	22.937	0.12367	vapor
617.80	152.72	0.10165	98.374	2444.7	2596.9	52.804	36.304	13.943	433.62	13.393	23.013	0.12526	vapor
618.43	153.90	0.10294	97.143	2441.8	2593.3	52.727	36.427	14.212	432.61	13.306	23.091	0.12689	vapor
619.05	155.10	0.10425	95.919	2438.9	2589.6	52.649	36.552	14.493	431.58	13.218	23.170	0.12858	vapor
619.67	156.30	0.10560	94.701	2435.9	2585.9	52.570	36.678	14.786	430.54	13.131	23.251	0.13033	vapor
620.30	157.50	0.10696	93.490	2432.9	2582.1	52.490	36.806	15.093	429.48	13.043	23.334	0.13214	vapor
620.92	158.72	0.10836	92.286	2429.8	2578.2	52.409	36.936	15.413	428.40	12.955	23.419	0.13401	vapor
621.54	159.94	0.10979	91.087	2426.6	2574.2	52.327	37.068	15.749	427.31	12.866	23.506	0.13594	vapor
622.17	161.17	0.11124	89.894	2423.4	2570.2	52.243	37.202	16.101	426.19	12.777	23.595	0.13795	vapor
622.79	162.41	0.11273	88.707	2420.1	2566.1	52.159	37.338	16.470	425.06	12.688	23.686	0.14003	vapor
623.41	163.66	0.11425	87.525	2416.7	2561.8	52.074	37.476	16.858	423.90	12.598	23.779	0.14219	vapor
624.04	164.92	0.11581	86.348	2413.3	2557.5	51.987	37.617	17.267	422.73	12.508	23.874	0.14444	vapor
624.66	166.18	0.11740	85.176	2409.7	2553.2	51.899	37.760	17.699	421.53	12.417	23.972	0.14677	vapor
625.28	167.45	0.11904	84.008	2406.1	2548.7	51.810	37.905	18.154	420.31	12.326	24.073	0.14920	vapor
625.91	168.73	0.12071	82.844	2402.4	2544.1	51.719	38.054	18.635	419.07	12.234	24.176	0.15172	vapor
626.53	170.02	0.12242	81.684	2398.7	2539.4	51.627	38.205	19.145	417.80	12.141	24.282	0.15436	vapor
627.15	171.31	0.12418	80.528	2394.8	2534.6	51.534	38.360	19.687	416.50	12.048	24.391	0.15711	vapor
627.78	172.62	0.12598	79.375	2390.8	2529.7	51.438	38.518	20.263	415.18	11.954	24.503	0.15998	vapor
628.40	173.93	0.12784	78.224	2386.8	2524.6	51.341	38.680	20.877	413.83	11.859	24.619	0.16298	vapor
629.02	175.25	0.12974	77.076	2382.6	2519.5	51.243	38.845	21.533	412.44	11.764	24.738	0.16612	vapor
629.65	176.58	0.13170	75.930	2378.3	2514.2	51.142	39.015	22.236	411.03	11.668	24.861	0.16941	vapor
630.27	177.92	0.13372	74.785	2373.9	2508.7	51.040	39.190	22.990	409.58	11.570	24.988	0.17287	vapor
630.89	179.27	0.13579	73.641	2369.4	2503.1	50.935	39.369	23.802	408.10	11.472	25.120	0.17651	vapor
631.52	180.62	0.13794	72.497	2364.7	2497.4	50.828	39.554	24.680	406.57	11.372	25.256	0.18034	vapor
632.14	181.99	0.14015	71.353	2359.9	2491.5	50.719	39.744	25.631	405.01	11.272	25.397	0.18438	vapor
632.76	183.36	0.14243	70.208	2354.9	2485.4	50.607	39.941	26.665	403.39	11.170	25.543	0.18865	vapor
633.39	184.74	0.14480	69.061	2349.8	2479.1	50.492	40.145	27.794	401.74	11.066	25.696	0.19318	vapor
634.01	186.13	0.14725	67.911	2344.5	2472.6	50.375	40.357	29.032	400.03	10.961	25.854	0.19799	vapor
634.63	187.53	0.14980	66.758	2339.1	2465.9	50.254	40.578	30.397	398.26	10.854	26.020	0.20311	vapor
635.25	188.94	0.15244	65.600	2333.4	2459.0	50.130	40.808	31.908	396.43	10.745	26.192	0.20857	vapor
635.88	190.36	0.15519	64.436	2327.5	2451.8	50.002	41.050	33.592	394.54	10.634	26.374	0.21443	vapor
636.50	191.79	0.15807	63.264	2321.4	2444.3	49.870	41.303	35.480	392.57	10.521	26.564	0.22073	vapor
637.12	193.23	0.16107	62.083	2315.0	2436.5	49.733	41.571	37.613	390.52	10.404	26.764	0.22754	vapor
637.75	194.68	0.16423	60.892	2308.3	2428.4	49.591	41.855	40.042	388.37	10.285	26.975	0.23493	vapor
638.37	196.14	0.16754	59.687	2301.3	2419.9	49.444	42.157	42.834	386.13	10.163	27.200	0.24298	vapor
638.99	197.61	0.17104	58.465	2293.9	2411.0	49.291	42.481	46.077	383.76	10.036	27.439	0.25183	vapor
639.62	199.09	0.17475	57.224	2286.1	2401.6	49.130	42.831	49.892	381.26	0.99052	27.694	0.26162	vapor
640.24	200.58	0.17870	55.960	2277.9	2391.6	48.961	43.212	54.443	378.59	0.97690	27.969	0.27255	vapor
640.86	202.08	0.18293	54.666	2269.1	2381.0	48.782	43.631	59.966	375.74	0.96266	28.267	0.28486	vapor
641.49	203.59	0.18749	53.337	2259.6	2369.7	48.593	44.095	66.806	372.65	0.94769	28.594	0.29892	vapor
642.11	205.12	0.19244	51.964	2249.4	2357.4	48.390	44.617	75.487	369.29	0.93185	28.954	0.31521	vapor
642.73	206.65	0.19788	50.537	2238.3	2344.1	48.170	45.213	86.846	365.57	0.91495	29.358	0.33445	vapor
643.36	208.20	0.20392	49.039	2226.0	2329.5	47.930	45.907	102.30	361.38	0.89674	29.819	0.35771	vapor
643.98	209.76	0.21075	47.449	2212.3	2313.1	47.664	46.734	124.43	356.58	0.87687	30.357	0.38677	vapor
644.60	211.33	0.21866	45.734	2196.6	2294.5	47.363	47.752	158.46	350.89	0.85487	31.006	0.42469	vapor
645.23	212.92	0.22810	43.840	2178.0	2272.6	47.013	49.063	216.60	343.84	0.83000	31.827	0.47755	vapor
645.85	214.51	0.24001	41.664	2155.1	2245.7	46.585	50.887	335.64	334.45	0.80100	32.950	0.56016	vapor
646.47	216.13	0.25685	38.933	2123.8	2209.0	46.008	53.913	701.70	319.80	0.76491	34.765	0.72825	vapor
