Temperature (K)	Pressure (atm)	Density (g/ml)	Volume (ml/g)	Internal Energy (kJ/kg)	Enthalpy (kJ/kg)	Entropy (J/g*K)	Cv (J/g*K)	Cp (J/g*K)	Sound Spd. (m/s)	Joule-Thomson (F/atm)	Viscosity (uPa*s)	Therm. Cond. (W/m*K)	Surf. Tension (N/m)	Phase
273.16	0.0060366	0.99979	10.002	-8,42E-07	0.00061178	-2,95E-09	42.174	42.199	1402.3	-0.044032	1791.4	0.55560	0.075646	liquid
273.78	0.0063155	0.99983	10.002	26.293	26.299	0.0096145	42.161	42.178	1405.4	-0.043921	1753.1	0.55718	0.075559	liquid
274.41	0.0066058	0.99986	10.001	52.573	52.580	0.019202	42.146	42.158	1408.5	-0.043811	1716.2	0.55875	0.075472	liquid
275.03	0.0069078	0.99989	10.001	78.841	78.848	0.028764	42.132	42.139	1411.5	-0.043703	1680.5	0.56029	0.075384	liquid
275.65	0.0072221	0.99991	10.001	10.510	10.510	0.038300	42.117	42.120	1414.5	-0.043597	1645.9	0.56182	0.075296	liquid
276.28	0.0075488	0.99992	10.001	13.134	13.135	0.047810	42.102	42.103	1417.4	-0.043491	1612.5	0.56332	0.075208	liquid
276.90	0.0078887	0.99992	10.001	15.758	15.758	0.057295	42.086	42.086	1420.3	-0.043387	1580.2	0.56480	0.075120	liquid
277.52	0.0082419	0.99992	10.001	18.380	18.381	0.066755	42.070	42.070	1423.2	-0.043285	1548.8	0.56627	0.075031	liquid
278.15	0.0086091	0.99992	10.001	21.001	21.002	0.076191	42.053	42.055	1426.0	-0.043183	1518.5	0.56771	0.074942	liquid
278.77	0.0089907	0.99990	10.001	23.622	23.623	0.085601	42.037	42.040	1428.8	-0.043082	1489.1	0.56914	0.074853	liquid
279.39	0.0093871	0.99989	10.001	26.242	26.243	0.094988	42.020	42.026	1431.5	-0.042983	1460.6	0.57055	0.074764	liquid
280.02	0.0097989	0.99986	10.001	28.860	28.861	0.10435	42.002	42.013	1434.2	-0.042885	1433.0	0.57195	0.074675	liquid
280.64	0.010227	0.99983	10.002	31.478	31.479	0.11369	41.984	42.001	1436.8	-0.042788	1406.2	0.57332	0.074585	liquid
281.26	0.010671	0.99980	10.002	34.096	34.097	0.12301	41.966	41.989	1439.4	-0.042692	1380.2	0.57468	0.074495	liquid
281.89	0.011132	0.99975	10.002	36.712	36.713	0.13230	41.948	41.977	1442.0	-0.042597	1355.0	0.57603	0.074405	liquid
282.51	0.011610	0.99971	10.003	39.328	39.329	0.14157	41.929	41.966	1444.5	-0.042502	1330.5	0.57736	0.074314	liquid
283.13	0.012106	0.99966	10.003	41.943	41.944	0.15081	41.910	41.956	1447.0	-0.042409	1306.7	0.57867	0.074224	liquid
283.75	0.012622	0.99960	10.004	44.557	44.559	0.16004	41.891	41.946	1449.5	-0.042317	1283.6	0.57997	0.074133	liquid
284.38	0.013156	0.99954	10.005	47.171	47.173	0.16924	41.872	41.936	1451.9	-0.042226	1261.1	0.58126	0.074042	liquid
285.00	0.013710	0.99947	10.005	49.785	49.786	0.17842	41.852	41.927	1454.3	-0.042135	1239.2	0.58253	0.073951	liquid
285.62	0.014284	0.99940	10.006	52.397	52.399	0.18758	41.832	41.919	1456.6	-0.042045	1218.0	0.58378	0.073859	liquid
286.25	0.014880	0.99932	10.007	55.010	55.011	0.19671	41.812	41.911	1458.9	-0.041957	1197.3	0.58503	0.073767	liquid
286.87	0.015497	0.99924	10.008	57.621	57.623	0.20583	41.791	41.903	1461.2	-0.041869	1177.2	0.58626	0.073675	liquid
287.49	0.016137	0.99915	10.008	60.233	60.234	0.21492	41.770	41.895	1463.5	-0.041781	1157.7	0.58747	0.073583	liquid
288.12	0.016800	0.99906	10.009	62.843	62.845	0.22399	41.749	41.888	1465.7	-0.041695	1138.6	0.58868	0.073491	liquid
288.74	0.017486	0.99897	10.010	65.454	65.456	0.23304	41.728	41.882	1467.8	-0.041609	1120.1	0.58987	0.073398	liquid
289.36	0.018197	0.99886	10.011	68.064	68.066	0.24207	41.706	41.875	1470.0	-0.041524	1102.0	0.59105	0.073305	liquid
289.99	0.018933	0.99876	10.012	70.673	70.675	0.25108	41.684	41.869	1472.0	-0.041440	1084.4	0.59221	0.073212	liquid
290.61	0.019696	0.99865	10.014	73.283	73.285	0.26007	41.662	41.864	1474.1	-0.041356	1067.2	0.59337	0.073119	liquid
291.23	0.020485	0.99854	10.015	75.891	75.894	0.26903	41.640	41.858	1476.1	-0.041273	1050.5	0.59451	0.073025	liquid
291.86	0.021301	0.99842	10.016	78.500	78.502	0.27798	41.618	41.853	1478.1	-0.041191	1034.2	0.59564	0.072931	liquid
292.48	0.022146	0.99830	10.017	81.108	81.110	0.28691	41.595	41.848	1480.1	-0.041109	1018.3	0.59676	0.072837	liquid
293.10	0.023021	0.99817	10.018	83.716	83.719	0.29582	41.572	41.844	1482.0	-0.041028	1002.8	0.59787	0.072743	liquid
293.73	0.023925	0.99804	10.020	86.324	86.326	0.30470	41.549	41.840	1483.9	-0.040948	987.64	0.59897	0.072649	liquid
294.35	0.024860	0.99791	10.021	88.931	88.934	0.31357	41.526	41.836	1485.8	-0.040868	972.87	0.60006	0.072554	liquid
294.97	0.025827	0.99777	10.022	91.538	91.541	0.32242	41.502	41.832	1487.6	-0.040789	958.45	0.60113	0.072459	liquid
295.60	0.026827	0.99763	10.024	94.145	94.148	0.33125	41.478	41.828	1489.5	-0.040710	944.38	0.60220	0.072364	liquid
296.22	0.027860	0.99748	10.025	96.752	96.755	0.34006	41.454	41.825	1491.2	-0.040632	930.63	0.60325	0.072269	liquid
296.84	0.028928	0.99733	10.027	99.359	99.362	0.34885	41.430	41.822	1493.0	-0.040554	917.21	0.60430	0.072173	liquid
297.47	0.030031	0.99718	10.028	101.97	101.97	0.35762	41.406	41.819	1494.7	-0.040477	904.09	0.60534	0.072078	liquid
298.09	0.031171	0.99702	10.030	104.57	104.57	0.36637	41.381	41.816	1496.4	-0.040400	891.27	0.60636	0.071982	liquid
298.71	0.032349	0.99686	10.032	107.18	107.18	0.37510	41.357	41.814	1498.0	-0.040324	878.75	0.60738	0.071885	liquid
299.34	0.033565	0.99669	10.033	109.78	109.79	0.38382	41.332	41.811	1499.7	-0.040248	866.50	0.60838	0.071789	liquid
299.96	0.034821	0.99652	10.035	112.39	112.39	0.39251	41.307	41.809	1501.3	-0.040173	854.53	0.60938	0.071692	liquid
300.58	0.036118	0.99635	10.037	114.99	115.00	0.40119	41.281	41.807	1502.8	-0.040098	842.83	0.61037	0.071596	liquid
301.21	0.037456	0.99618	10.038	117.60	117.60	0.40985	41.256	41.805	1504.4	-0.040024	831.38	0.61134	0.071498	liquid
301.83	0.038838	0.99600	10.040	120.21	120.21	0.41849	41.230	41.804	1505.9	-0.039950	820.18	0.61231	0.071401	liquid
302.45	0.040263	0.99581	10.042	122.81	122.81	0.42711	41.204	41.802	1507.4	-0.039877	809.22	0.61327	0.071304	liquid
303.07	0.041734	0.99563	10.044	125.42	125.42	0.43572	41.178	41.801	1508.8	-0.039804	798.50	0.61422	0.071206	liquid
303.70	0.043251	0.99544	10.046	128.02	128.03	0.44431	41.152	41.800	1510.2	-0.039731	788.01	0.61517	0.071108	liquid
304.32	0.044816	0.99525	10.048	130.63	130.63	0.45287	41.126	41.799	1511.6	-0.039659	777.73	0.61610	0.071010	liquid
304.94	0.046430	0.99505	10.050	133.23	133.24	0.46143	41.100	41.798	1513.0	-0.039587	767.67	0.61703	0.070911	liquid
305.57	0.048095	0.99485	10.052	135.84	135.84	0.46996	41.073	41.797	1514.4	-0.039516	757.83	0.61794	0.070813	liquid
306.19	0.049810	0.99465	10.054	138.44	138.45	0.47848	41.046	41.796	1515.7	-0.039444	748.18	0.61885	0.070714	liquid
306.81	0.051579	0.99444	10.056	141.05	141.05	0.48697	41.019	41.796	1517.0	-0.039374	738.73	0.61975	0.070615	liquid
307.44	0.053402	0.99423	10.058	143.65	143.66	0.49545	40.992	41.795	1518.3	-0.039303	729.47	0.62064	0.070516	liquid
308.06	0.055280	0.99402	10.060	146.25	146.26	0.50392	40.965	41.795	1519.5	-0.039233	720.40	0.62152	0.070416	liquid
308.68	0.057216	0.99381	10.062	148.86	148.87	0.51237	40.937	41.795	1520.7	-0.039163	711.52	0.62240	0.070317	liquid
309.31	0.059209	0.99359	10.065	151.46	151.47	0.52080	40.910	41.795	1521.9	-0.039094	702.80	0.62326	0.070217	liquid
309.93	0.061263	0.99337	10.067	154.07	154.08	0.52921	40.882	41.795	1523.1	-0.039025	694.26	0.62412	0.070117	liquid
310.55	0.063378	0.99314	10.069	156.67	156.68	0.53760	40.854	41.795	1524.2	-0.038956	685.89	0.62497	0.070016	liquid
311.18	0.065556	0.99291	10.071	159.28	159.29	0.54598	40.826	41.795	1525.4	-0.038887	677.68	0.62582	0.069916	liquid
311.80	0.067798	0.99268	10.074	161.88	161.89	0.55435	40.798	41.795	1526.4	-0.038819	669.63	0.62665	0.069815	liquid
312.42	0.070107	0.99245	10.076	164.49	164.50	0.56269	40.770	41.796	1527.5	-0.038751	661.73	0.62748	0.069714	liquid
313.05	0.072482	0.99221	10.078	167.09	167.10	0.57102	40.741	41.796	1528.6	-0.038683	653.99	0.62830	0.069613	liquid
313.67	0.074928	0.99198	10.081	169.70	169.71	0.57933	40.713	41.797	1529.6	-0.038616	646.39	0.62911	0.069512	liquid
314.29	0.077443	0.99173	10.083	172.30	172.31	0.58763	40.684	41.798	1530.6	-0.038548	638.93	0.62992	0.069410	liquid
314.92	0.080032	0.99149	10.086	174.91	174.92	0.59591	40.655	41.798	1531.6	-0.038481	631.62	0.63072	0.069308	liquid
315.54	0.082695	0.99124	10.088	177.51	177.52	0.60417	40.627	41.799	1532.5	-0.038415	624.43	0.63151	0.069206	liquid
316.16	0.085433	0.99099	10.091	180.12	180.13	0.61242	40.597	41.800	1533.5	-0.038348	617.39	0.63229	0.069104	liquid
316.79	0.088250	0.99074	10.093	182.72	182.73	0.62065	40.568	41.801	1534.4	-0.038282	610.47	0.63306	0.069002	liquid
317.41	0.091146	0.99048	10.096	185.33	185.34	0.62887	40.539	41.802	1535.3	-0.038216	603.67	0.63383	0.068899	liquid
318.03	0.094124	0.99022	10.099	187.93	187.94	0.63707	40.510	41.803	1536.1	-0.038150	597.00	0.63459	0.068796	liquid
318.66	0.097185	0.98996	10.101	190.54	190.55	0.64525	40.480	41.805	1537.0	-0.038084	590.45	0.63535	0.068693	liquid
319.28	0.10033	0.98970	10.104	193.14	193.15	0.65342	40.451	41.806	1537.8	-0.038019	584.01	0.63609	0.068590	liquid
319.90	0.10356	0.98943	10.107	195.75	195.76	0.66157	40.421	41.807	1538.6	-0.037953	577.69	0.63683	0.068487	liquid
320.53	0.10689	0.98916	10.110	198.35	198.37	0.66971	40.391	41.809	1539.4	-0.037888	571.48	0.63757	0.068383	liquid
321.15	0.11030	0.98889	10.112	200.96	200.97	0.67783	40.361	41.810	1540.1	-0.037823	565.38	0.63829	0.068279	liquid
321.77	0.11381	0.98861	10.115	203.57	203.58	0.68594	40.331	41.812	1540.9	-0.037758	559.39	0.63901	0.068175	liquid
322.39	0.11741	0.98834	10.118	206.17	206.18	0.69403	40.301	41.813	1541.6	-0.037694	553.50	0.63972	0.068071	liquid
323.02	0.12111	0.98806	10.121	208.78	208.79	0.70210	40.271	41.815	1542.3	-0.037629	547.71	0.64043	0.067966	liquid
323.64	0.12491	0.98777	10.124	211.38	211.40	0.71016	40.240	41.817	1542.9	-0.037565	542.02	0.64112	0.067861	liquid
324.26	0.12881	0.98749	10.127	213.99	214.00	0.71821	40.210	41.819	1543.6	-0.037501	536.43	0.64182	0.067756	liquid
324.89	0.13281	0.98720	10.130	216.60	216.61	0.72624	40.179	41.821	1544.2	-0.037437	530.93	0.64250	0.067651	liquid
325.51	0.13692	0.98691	10.133	219.20	219.22	0.73425	40.149	41.823	1544.9	-0.037373	525.52	0.64318	0.067546	liquid
326.13	0.14114	0.98662	10.136	221.81	221.82	0.74225	40.118	41.825	1545.4	-0.037309	520.21	0.64385	0.067440	liquid
326.76	0.14547	0.98632	10.139	224.42	224.43	0.75024	40.087	41.827	1546.0	-0.037246	514.98	0.64451	0.067335	liquid
327.38	0.14992	0.98603	10.142	227.02	227.04	0.75821	40.056	41.829	1546.6	-0.037182	509.84	0.64517	0.067229	liquid
328.00	0.15447	0.98573	10.145	229.63	229.65	0.76616	40.025	41.831	1547.1	-0.037119	504.78	0.64582	0.067123	liquid
328.63	0.15915	0.98542	10.148	232.24	232.25	0.77410	39.994	41.833	1547.6	-0.037055	499.80	0.64647	0.067016	liquid
329.25	0.16395	0.98512	10.151	234.84	234.86	0.78203	39.963	41.836	1548.1	-0.036992	494.91	0.64711	0.066910	liquid
329.87	0.16887	0.98481	10.154	237.45	237.47	0.78994	39.932	41.838	1548.6	-0.036929	490.09	0.64774	0.066803	liquid
330.50	0.17391	0.98450	10.157	240.06	240.08	0.79784	39.901	41.840	1549.1	-0.036866	485.36	0.64837	0.066696	liquid
331.12	0.17909	0.98419	10.161	242.67	242.68	0.80572	39.869	41.843	1549.5	-0.036803	480.70	0.64898	0.066589	liquid
331.74	0.18439	0.98388	10.164	245.27	245.29	0.81359	39.838	41.845	1549.9	-0.036740	476.11	0.64960	0.066481	liquid
332.37	0.18983	0.98356	10.167	247.88	247.90	0.82144	39.806	41.848	1550.3	-0.036677	471.59	0.65020	0.066374	liquid
332.99	0.19540	0.98324	10.170	250.49	250.51	0.82928	39.775	41.851	1550.7	-0.036614	467.15	0.65080	0.066266	liquid
333.61	0.20111	0.98292	10.174	253.10	253.12	0.83711	39.743	41.853	1551.1	-0.036552	462.77	0.65140	0.066158	liquid
334.24	0.20697	0.98260	10.177	255.71	255.73	0.84492	39.711	41.856	1551.4	-0.036489	458.46	0.65199	0.066050	liquid
334.86	0.21296	0.98227	10.180	258.31	258.34	0.85271	39.680	41.859	1551.8	-0.036426	454.22	0.65257	0.065941	liquid
335.48	0.21911	0.98195	10.184	260.92	260.95	0.86050	39.648	41.862	1552.1	-0.036364	450.05	0.65314	0.065833	liquid
336.11	0.22540	0.98162	10.187	263.53	263.56	0.86827	39.616	41.865	1552.4	-0.036301	445.94	0.65371	0.065724	liquid
336.73	0.23185	0.98128	10.191	266.14	266.17	0.87602	39.584	41.868	1552.7	-0.036239	441.89	0.65427	0.065615	liquid
337.35	0.23846	0.98095	10.194	268.75	268.78	0.88376	39.552	41.871	1552.9	-0.036176	437.90	0.65483	0.065506	liquid
337.98	0.24522	0.98061	10.198	271.36	271.39	0.89149	39.520	41.874	1553.2	-0.036114	433.97	0.65538	0.065397	liquid
338.60	0.25214	0.98027	10.201	273.97	274.00	0.89921	39.488	41.877	1553.4	-0.036052	430.10	0.65593	0.065287	liquid
339.22	0.25924	0.97993	10.205	276.58	276.61	0.90691	39.456	41.880	1553.6	-0.035989	426.29	0.65647	0.065177	liquid
339.85	0.26649	0.97959	10.208	279.19	279.22	0.91459	39.424	41.884	1553.8	-0.035927	422.54	0.65700	0.065067	liquid
340.47	0.27392	0.97924	10.212	281.80	281.83	0.92227	39.391	41.887	1554.0	-0.035864	418.84	0.65752	0.064957	liquid
341.09	0.28153	0.97890	10.216	284.41	284.44	0.92993	39.359	41.891	1554.2	-0.035802	415.19	0.65804	0.064847	liquid
341.71	0.28931	0.97855	10.219	287.02	287.05	0.93757	39.327	41.894	1554.3	-0.035740	411.60	0.65856	0.064736	liquid
342.34	0.29728	0.97819	10.223	289.63	289.66	0.94521	39.295	41.898	1554.5	-0.035677	408.06	0.65907	0.064625	liquid
342.96	0.30543	0.97784	10.227	292.24	292.27	0.95283	39.262	41.901	1554.6	-0.035615	404.58	0.65957	0.064514	liquid
343.58	0.31376	0.97749	10.230	294.85	294.89	0.96044	39.230	41.905	1554.7	-0.035553	401.14	0.66007	0.064403	liquid
344.21	0.32229	0.97713	10.234	297.47	297.50	0.96803	39.197	41.908	1554.8	-0.035490	397.75	0.66056	0.064292	liquid
344.83	0.33102	0.97677	10.238	300.08	300.11	0.97561	39.165	41.912	1554.8	-0.035428	394.41	0.66104	0.064180	liquid
345.45	0.33994	0.97641	10.242	302.69	302.72	0.98318	39.132	41.916	1554.9	-0.035365	391.12	0.66152	0.064069	liquid
346.08	0.34906	0.97604	10.245	305.30	305.34	0.99073	39.100	41.920	1554.9	-0.035303	387.87	0.66200	0.063957	liquid
346.70	0.35839	0.97567	10.249	307.91	307.95	0.99828	39.067	41.924	1555.0	-0.035240	384.67	0.66246	0.063845	liquid
347.32	0.36793	0.97531	10.253	310.53	310.57	10.058	39.035	41.928	1555.0	-0.035178	381.51	0.66292	0.063732	liquid
347.95	0.37769	0.97494	10.257	313.14	313.18	10.133	39.002	41.932	1555.0	-0.035115	378.40	0.66338	0.063620	liquid
348.57	0.38766	0.97456	10.261	315.75	315.79	10.208	38.970	41.936	1554.9	-0.035052	375.33	0.66383	0.063507	liquid
349.19	0.39785	0.97419	10.265	318.37	318.41	10.283	38.937	41.940	1554.9	-0.034990	372.31	0.66428	0.063394	liquid
349.82	0.40826	0.97381	10.269	320.98	321.02	10.358	38.904	41.945	1554.8	-0.034927	369.32	0.66471	0.063281	liquid
350.44	0.41891	0.97343	10.273	323.59	323.64	10.433	38.872	41.949	1554.8	-0.034864	366.38	0.66515	0.063168	liquid
351.06	0.42978	0.97305	10.277	326.21	326.25	10.507	38.839	41.953	1554.7	-0.034801	363.48	0.66557	0.063054	liquid
351.69	0.44090	0.97267	10.281	328.82	328.87	10.582	38.806	41.958	1554.6	-0.034738	360.61	0.66600	0.062941	liquid
352.31	0.45225	0.97229	10.285	331.44	331.49	10.656	38.774	41.962	1554.5	-0.034675	357.79	0.66641	0.062827	liquid
352.93	0.46385	0.97190	10.289	334.05	334.10	10.730	38.741	41.967	1554.4	-0.034612	355.00	0.66682	0.062713	liquid
353.56	0.47570	0.97151	10.293	336.67	336.72	10.804	38.708	41.972	1554.2	-0.034549	352.25	0.66723	0.062598	liquid
354.18	0.48779	0.97112	10.297	339.28	339.33	10.878	38.675	41.977	1554.1	-0.034486	349.53	0.66763	0.062484	liquid
354.80	0.50015	0.97073	10.302	341.90	341.95	10.952	38.643	41.981	1553.9	-0.034422	346.86	0.66802	0.062369	liquid
355.43	0.51277	0.97034	10.306	344.52	344.57	11.025	38.610	41.986	1553.7	-0.034359	344.21	0.66841	0.062255	liquid
356.05	0.52565	0.96994	10.310	347.13	347.19	11.099	38.577	41.991	1553.5	-0.034295	341.61	0.66879	0.062140	liquid
356.67	0.53881	0.96954	10.314	349.75	349.81	11.172	38.544	41.996	1553.3	-0.034231	339.03	0.66917	0.062024	liquid
357.30	0.55224	0.96914	10.318	352.37	352.42	11.246	38.512	42.001	1553.1	-0.034168	336.49	0.66954	0.061909	liquid
357.92	0.56595	0.96874	10.323	354.98	355.04	11.319	38.479	42.006	1552.9	-0.034104	333.99	0.66991	0.061793	liquid
358.54	0.57994	0.96834	10.327	357.60	357.66	11.392	38.446	42.012	1552.6	-0.034040	331.51	0.67027	0.061678	liquid
359.17	0.59422	0.96793	10.331	360.22	360.28	11.465	38.413	42.017	1552.4	-0.033976	329.07	0.67063	0.061562	liquid
359.79	0.60879	0.96752	10.336	362.84	362.90	11.538	38.381	42.022	1552.1	-0.033912	326.66	0.67098	0.061446	liquid
360.41	0.62366	0.96712	10.340	365.46	365.52	11.610	38.348	42.028	1551.8	-0.033847	324.28	0.67132	0.061329	liquid
361.03	0.63883	0.96670	10.344	368.08	368.14	11.683	38.315	42.033	1551.5	-0.033783	321.93	0.67166	0.061213	liquid
361.66	0.65431	0.96629	10.349	370.70	370.76	11.756	38.282	42.039	1551.2	-0.033718	319.60	0.67199	0.061096	liquid
362.28	0.67010	0.96588	10.353	373.32	373.39	11.828	38.250	42.045	1550.9	-0.033653	317.31	0.67232	0.060979	liquid
362.90	0.68621	0.96546	10.358	375.94	376.01	11.900	38.217	42.050	1550.5	-0.033589	315.05	0.67265	0.060862	liquid
363.53	0.70264	0.96504	10.362	378.56	378.63	11.972	38.184	42.056	1550.2	-0.033524	312.82	0.67296	0.060745	liquid
364.15	0.71940	0.96462	10.367	381.18	381.25	12.044	38.151	42.062	1549.8	-0.033458	310.61	0.67328	0.060628	liquid
364.77	0.73648	0.96420	10.371	383.80	383.87	12.116	38.119	42.068	1549.4	-0.033393	308.43	0.67358	0.060510	liquid
365.40	0.75391	0.96377	10.376	386.42	386.50	12.188	38.086	42.074	1549.0	-0.033328	306.28	0.67389	0.060392	liquid
366.02	0.77167	0.96335	10.380	389.04	389.12	12.260	38.054	42.080	1548.6	-0.033262	304.15	0.67418	0.060274	liquid
366.64	0.78979	0.96292	10.385	391.66	391.75	12.331	38.021	42.087	1548.2	-0.033196	302.05	0.67447	0.060156	liquid
367.27	0.80825	0.96249	10.390	394.29	394.37	12.403	37.988	42.093	1547.8	-0.033130	299.98	0.67476	0.060038	liquid
367.89	0.82708	0.96206	10.394	396.91	397.00	12.474	37.956	42.099	1547.4	-0.033064	297.93	0.67504	0.059919	liquid
368.51	0.84626	0.96163	10.399	399.53	399.62	12.545	37.923	42.106	1546.9	-0.032998	295.90	0.67532	0.059800	liquid
369.14	0.86581	0.96119	10.404	402.16	402.25	12.617	37.891	42.112	1546.4	-0.032932	293.90	0.67559	0.059682	liquid
369.76	0.88574	0.96076	10.408	404.78	404.87	12.688	37.858	42.119	1546.0	-0.032865	291.93	0.67585	0.059563	liquid
370.38	0.90605	0.96032	10.413	407.40	407.50	12.759	37.826	42.126	1545.5	-0.032798	289.97	0.67612	0.059443	liquid
371.01	0.92674	0.95988	10.418	410.03	410.13	12.829	37.793	42.133	1545.0	-0.032731	288.04	0.67637	0.059324	liquid
371.63	0.94782	0.95943	10.423	412.65	412.75	12.900	37.761	42.140	1544.5	-0.032664	286.14	0.67662	0.059204	liquid
372.25	0.96930	0.95899	10.428	415.28	415.38	12.971	37.728	42.147	1543.9	-0.032597	284.25	0.67687	0.059085	liquid
372.88	0.99118	0.95855	10.432	417.91	418.01	13.041	37.696	42.154	1543.4	-0.032529	282.39	0.67711	0.058965	liquid
373.50	10.135	0.95810	10.437	420.53	420.64	13.112	37.663	42.161	1542.8	-0.032461	280.55	0.67734	0.058844	liquid
374.12	10.362	0.95765	10.442	423.16	423.27	13.182	37.631	42.168	1542.3	-0.032393	278.73	0.67757	0.058724	liquid
374.75	10.593	0.95720	10.447	425.79	425.90	13.252	37.599	42.175	1541.7	-0.032325	276.94	0.67780	0.058604	liquid
375.37	10.828	0.95675	10.452	428.42	428.53	13.322	37.567	42.183	1541.1	-0.032257	275.16	0.67802	0.058483	liquid
375.99	11.068	0.95629	10.457	431.04	431.16	13.392	37.534	42.190	1540.5	-0.032188	273.40	0.67823	0.058362	liquid
376.62	11.312	0.95583	10.462	433.67	433.79	13.462	37.502	42.198	1539.9	-0.032119	271.67	0.67844	0.058241	liquid
377.24	11.561	0.95538	10.467	436.30	436.43	13.532	37.470	42.206	1539.3	-0.032050	269.95	0.67865	0.058120	liquid
377.86	11.814	0.95492	10.472	438.93	439.06	13.601	37.438	42.213	1538.7	-0.031981	268.26	0.67885	0.057999	liquid
378.49	12.071	0.95446	10.477	441.56	441.69	13.671	37.406	42.221	1538.1	-0.031912	266.58	0.67904	0.057877	liquid
379.11	12.334	0.95399	10.482	444.19	444.32	13.740	37.374	42.229	1537.4	-0.031842	264.92	0.67923	0.057755	liquid
379.73	12.600	0.95353	10.487	446.82	446.96	13.810	37.342	42.237	1536.7	-0.031772	263.28	0.67942	0.057634	liquid
380.35	12.872	0.95306	10.493	449.46	449.59	13.879	37.310	42.245	1536.1	-0.031702	261.66	0.67960	0.057511	liquid
380.98	13.149	0.95259	10.498	452.09	452.23	13.948	37.278	42.254	1535.4	-0.031632	260.06	0.67977	0.057389	liquid
381.60	13.430	0.95212	10.503	454.72	454.86	14.017	37.246	42.262	1534.7	-0.031561	258.47	0.67994	0.057267	liquid
382.22	13.716	0.95165	10.508	457.35	457.50	14.086	37.214	42.271	1534.0	-0.031490	256.91	0.68011	0.057144	liquid
382.85	14.007	0.95118	10.513	459.99	460.14	14.155	37.182	42.279	1533.3	-0.031419	255.36	0.68027	0.057022	liquid
383.47	14.304	0.95070	10.519	462.62	462.77	14.224	37.150	42.288	1532.5	-0.031348	253.82	0.68043	0.056899	liquid
384.09	14.605	0.95023	10.524	465.26	465.41	14.292	37.118	42.297	1531.8	-0.031276	252.31	0.68058	0.056776	liquid
384.72	14.912	0.94975	10.529	467.89	468.05	14.361	37.087	42.305	1531.1	-0.031204	250.81	0.68072	0.056652	liquid
385.34	15.224	0.94927	10.534	470.53	470.69	14.429	37.055	42.314	1530.3	-0.031132	249.32	0.68087	0.056529	liquid
385.96	15.541	0.94879	10.540	473.16	473.33	14.498	37.023	42.323	1529.5	-0.031060	247.86	0.68100	0.056405	liquid
386.59	15.864	0.94830	10.545	475.80	475.97	14.566	36.992	42.332	1528.7	-0.030987	246.41	0.68114	0.056282	liquid
387.21	16.192	0.94782	10.551	478.44	478.61	14.634	36.960	42.342	1528.0	-0.030914	244.97	0.68126	0.056158	liquid
387.83	16.526	0.94733	10.556	481.08	481.25	14.702	36.929	42.351	1527.2	-0.030841	243.55	0.68139	0.056034	liquid
388.46	16.865	0.94684	10.561	483.71	483.89	14.770	36.897	42.361	1526.3	-0.030767	242.15	0.68150	0.055909	liquid
389.08	17.210	0.94635	10.567	486.35	486.54	14.838	36.866	42.370	1525.5	-0.030693	240.76	0.68162	0.055785	liquid
389.70	17.561	0.94586	10.572	488.99	489.18	14.906	36.835	42.380	1524.7	-0.030619	239.38	0.68173	0.055660	liquid
390.33	17.917	0.94536	10.578	491.63	491.83	14.974	36.803	42.390	1523.8	-0.030545	238.02	0.68183	0.055535	liquid
390.95	18.280	0.94487	10.583	494.27	494.47	15.041	36.772	42.399	1523.0	-0.030470	236.67	0.68193	0.055411	liquid
391.57	18.648	0.94437	10.589	496.92	497.12	15.109	36.741	42.409	1522.1	-0.030395	235.34	0.68202	0.055285	liquid
392.20	19.023	0.94387	10.595	499.56	499.76	15.176	36.710	42.419	1521.3	-0.030320	234.02	0.68211	0.055160	liquid
392.82	19.403	0.94337	10.600	502.20	502.41	15.243	36.678	42.430	1520.4	-0.030244	232.72	0.68220	0.055035	liquid
393.44	19.790	0.94287	10.606	504.84	505.06	15.311	36.647	42.440	1519.5	-0.030168	231.43	0.68228	0.054909	liquid
394.07	20.183	0.94237	10.612	507.49	507.70	15.378	36.616	42.450	1518.6	-0.030092	230.15	0.68236	0.054783	liquid
394.69	20.583	0.94186	10.617	510.13	510.35	15.445	36.585	42.461	1517.7	-0.030016	228.89	0.68243	0.054657	liquid
395.31	20.989	0.94135	10.623	512.78	513.00	15.512	36.555	42.472	1516.7	-0.029939	227.64	0.68249	0.054531	liquid
395.94	21.401	0.94085	10.629	515.42	515.65	15.579	36.524	42.482	1515.8	-0.029862	226.40	0.68256	0.054405	liquid
396.56	21.820	0.94033	10.635	518.07	518.30	15.645	36.493	42.493	1514.9	-0.029784	225.17	0.68261	0.054279	liquid
397.18	22.246	0.93982	10.640	520.71	520.95	15.712	36.462	42.504	1513.9	-0.029706	223.96	0.68267	0.054152	liquid
397.81	22.678	0.93931	10.646	523.36	523.61	15.779	36.431	42.515	1512.9	-0.029628	222.76	0.68272	0.054025	liquid
398.43	23.117	0.93879	10.652	526.01	526.26	15.845	36.401	42.526	1512.0	-0.029550	221.57	0.68276	0.053899	liquid
399.05	23.563	0.93828	10.658	528.66	528.91	15.912	36.370	42.538	1511.0	-0.029471	220.39	0.68280	0.053772	liquid
399.68	24.016	0.93776	10.664	531.31	531.57	15.978	36.340	42.549	1510.0	-0.029392	219.23	0.68284	0.053644	liquid
400.30	24.477	0.93724	10.670	533.96	534.22	16.044	36.309	42.561	1509.0	-0.029312	218.07	0.68287	0.053517	liquid
400.92	24.944	0.93671	10.676	536.61	536.88	16.111	36.279	42.572	1508.0	-0.029232	216.93	0.68289	0.053389	liquid
401.54	25.418	0.93619	10.682	539.26	539.54	16.177	36.248	42.584	1507.0	-0.029152	215.80	0.68291	0.053262	liquid
402.17	25.900	0.93567	10.688	541.91	542.19	16.243	36.218	42.596	1505.9	-0.029071	214.68	0.68293	0.053134	liquid
402.79	26.389	0.93514	10.694	544.57	544.85	16.309	36.188	42.608	1504.9	-0.028990	213.57	0.68295	0.053006	liquid
403.41	26.886	0.93461	10.700	547.22	547.51	16.374	36.158	42.620	1503.8	-0.028909	212.48	0.68295	0.052878	liquid
404.04	27.390	0.93408	10.706	549.87	550.17	16.440	36.127	42.632	1502.8	-0.028827	211.39	0.68296	0.052749	liquid
404.66	27.902	0.93355	10.712	552.53	552.83	16.506	36.097	42.645	1501.7	-0.028745	210.31	0.68296	0.052621	liquid
405.28	28.422	0.93301	10.718	555.19	555.49	16.571	36.067	42.657	1500.6	-0.028663	209.25	0.68295	0.052492	liquid
405.91	28.949	0.93248	10.724	557.84	558.16	16.637	36.037	42.670	1499.5	-0.028580	208.19	0.68294	0.052364	liquid
406.53	29.485	0.93194	10.730	560.50	560.82	16.702	36.007	42.683	1498.4	-0.028496	207.15	0.68293	0.052235	liquid
407.15	30.028	0.93140	10.737	563.16	563.48	16.768	35.978	42.695	1497.3	-0.028413	206.11	0.68291	0.052106	liquid
407.78	30.579	0.93086	10.743	565.82	566.15	16.833	35.948	42.708	1496.2	-0.028329	205.09	0.68289	0.051976	liquid
408.40	31.139	0.93032	10.749	568.48	568.82	16.898	35.918	42.722	1495.1	-0.028244	204.07	0.68287	0.051847	liquid
409.02	31.707	0.92978	10.755	571.14	571.48	16.963	35.888	42.735	1494.0	-0.028159	203.07	0.68284	0.051717	liquid
409.65	32.283	0.92923	10.762	573.80	574.15	17.028	35.859	42.748	1492.8	-0.028074	202.07	0.68280	0.051588	liquid
410.27	32.867	0.92868	10.768	576.46	576.82	17.093	35.829	42.762	1491.7	-0.027988	201.08	0.68276	0.051458	liquid
410.89	33.461	0.92814	10.774	579.12	579.49	17.158	35.800	42.775	1490.5	-0.027902	200.11	0.68272	0.051328	liquid
411.52	34.062	0.92758	10.781	581.79	582.16	17.223	35.770	42.789	1489.3	-0.027816	199.14	0.68267	0.051198	liquid
412.14	34.673	0.92703	10.787	584.45	584.83	17.287	35.741	42.803	1488.2	-0.027729	198.18	0.68262	0.051067	liquid
412.76	35.292	0.92648	10.794	587.12	587.50	17.352	35.712	42.817	1487.0	-0.027642	197.23	0.68256	0.050937	liquid
413.39	35.920	0.92592	10.800	589.78	590.17	17.417	35.682	42.831	1485.8	-0.027554	196.29	0.68250	0.050806	liquid
414.01	36.557	0.92537	10.807	592.45	592.85	17.481	35.653	42.845	1484.6	-0.027465	195.36	0.68244	0.050676	liquid
414.63	37.203	0.92481	10.813	595.12	595.52	17.545	35.624	42.860	1483.3	-0.027377	194.43	0.68237	0.050545	liquid
415.26	37.859	0.92425	10.820	597.78	598.20	17.610	35.595	42.874	1482.1	-0.027288	193.52	0.68230	0.050414	liquid
415.88	38.523	0.92369	10.826	600.45	600.88	17.674	35.566	42.889	1480.9	-0.027198	192.61	0.68222	0.050283	liquid
416.50	39.197	0.92312	10.833	603.12	603.55	17.738	35.537	42.904	1479.6	-0.027108	191.71	0.68214	0.050151	liquid
417.13	39.881	0.92256	10.839	605.79	606.23	17.802	35.508	42.919	1478.4	-0.027018	190.82	0.68205	0.050020	liquid
417.75	40.573	0.92199	10.846	608.47	608.91	17.866	35.479	42.934	1477.1	-0.026927	189.94	0.68196	0.049888	liquid
418.37	41.276	0.92142	10.853	611.14	611.59	17.930	35.451	42.949	1475.9	-0.026835	189.06	0.68187	0.049756	liquid
419.00	41.988	0.92085	10.860	613.81	614.27	17.994	35.422	42.965	1474.6	-0.026743	188.20	0.68177	0.049624	liquid
419.62	42.711	0.92028	10.866	616.49	616.96	18.058	35.393	42.980	1473.3	-0.026651	187.34	0.68167	0.049492	liquid
420.24	43.443	0.91971	10.873	619.16	619.64	18.122	35.365	42.996	1472.0	-0.026558	186.48	0.68156	0.049360	liquid
420.86	44.185	0.91913	10.880	621.84	622.33	18.185	35.336	43.012	1470.7	-0.026465	185.64	0.68145	0.049228	liquid
421.49	44.937	0.91855	10.887	624.52	625.01	18.249	35.308	43.028	1469.4	-0.026371	184.80	0.68134	0.049095	liquid
422.11	45.700	0.91798	10.894	627.19	627.70	18.312	35.280	43.044	1468.1	-0.026276	183.98	0.68122	0.048963	liquid
422.73	46.473	0.91740	10.900	629.87	630.39	18.376	35.251	43.060	1466.7	-0.026181	183.15	0.68110	0.048830	liquid
423.36	47.256	0.91681	10.907	632.55	633.08	18.439	35.223	43.076	1465.4	-0.026086	182.34	0.68097	0.048697	liquid
423.98	48.050	0.91623	10.914	635.23	635.77	18.502	35.195	43.093	1464.0	-0.025990	181.53	0.68084	0.048564	liquid
424.60	48.854	0.91564	10.921	637.92	638.46	18.566	35.167	43.109	1462.7	-0.025894	180.73	0.68071	0.048431	liquid
425.23	49.670	0.91506	10.928	640.60	641.15	18.629	35.139	43.126	1461.3	-0.025797	179.94	0.68057	0.048297	liquid
425.85	50.496	0.91447	10.935	643.28	643.84	18.692	35.111	43.143	1460.0	-0.025700	179.15	0.68043	0.048164	liquid
426.47	51.333	0.91388	10.942	645.97	646.54	18.755	35.083	43.160	1458.6	-0.025602	178.37	0.68028	0.048030	liquid
427.10	52.181	0.91329	10.949	648.65	649.23	18.818	35.055	43.178	1457.2	-0.025503	177.60	0.68013	0.047897	liquid
427.72	53.040	0.91269	10.957	651.34	651.93	18.881	35.027	43.195	1455.8	-0.025404	176.84	0.67998	0.047763	liquid
428.34	53.911	0.91210	10.964	654.03	654.63	18.943	34.999	43.213	1454.4	-0.025304	176.08	0.67982	0.047629	liquid
428.97	54.793	0.91150	10.971	656.72	657.33	19.006	34.972	43.230	1453.0	-0.025204	175.32	0.67966	0.047495	liquid
429.59	55.686	0.91090	10.978	659.41	660.03	19.069	34.944	43.248	1451.5	-0.025104	174.58	0.67949	0.047360	liquid
430.21	56.591	0.91030	10.985	662.10	662.73	19.131	34.917	43.266	1450.1	-0.025002	173.84	0.67933	0.047226	liquid
430.84	57.508	0.90970	10.993	664.79	665.43	19.194	34.889	43.285	1448.7	-0.024900	173.10	0.67926	0.047091	liquid
431.46	58.436	0.90910	11.000	667.48	668.13	19.256	34.862	43.303	1447.2	-0.024798	172.37	0.67914	0.046957	liquid
432.08	59.377	0.90849	11.007	670.18	670.84	19.319	34.834	43.321	1445.8	-0.024695	171.65	0.67899	0.046822	liquid
432.71	60.329	0.90788	11.015	672.87	673.54	19.381	34.807	43.340	1444.3	-0.024591	170.94	0.67884	0.046687	liquid
433.33	61.294	0.90727	11.022	675.57	676.25	19.444	34.780	43.359	1442.8	-0.024487	170.23	0.67868	0.046552	liquid
433.95	62.271	0.90666	11.029	678.26	678.96	19.506	34.753	43.378	1441.3	-0.024383	169.52	0.67852	0.046417	liquid
434.58	63.260	0.90605	11.037	680.96	681.67	19.568	34.726	43.397	1439.9	-0.024277	168.82	0.67834	0.046281	liquid
435.20	64.261	0.90544	11.044	683.66	684.38	19.630	34.699	43.416	1438.4	-0.024171	168.13	0.67817	0.046146	liquid
435.82	65.276	0.90482	11.052	686.36	687.09	19.692	34.672	43.436	1436.8	-0.024065	167.44	0.67798	0.046010	liquid
436.45	66.302	0.90420	11.059	689.06	689.81	19.754	34.645	43.456	1435.3	-0.023957	166.76	0.67780	0.045874	liquid
437.07	67.342	0.90358	11.067	691.77	692.52	19.816	34.618	43.476	1433.8	-0.023850	166.09	0.67761	0.045739	liquid
437.69	68.395	0.90296	11.075	694.47	695.24	19.878	34.591	43.496	1432.3	-0.023741	165.42	0.67741	0.045603	liquid
438.32	69.460	0.90234	11.082	697.18	697.96	19.939	34.565	43.516	1430.7	-0.023632	164.75	0.67721	0.045466	liquid
438.94	70.539	0.90172	11.090	699.88	700.68	20.001	34.538	43.536	1429.2	-0.023522	164.09	0.67701	0.045330	liquid
439.56	71.631	0.90109	11.098	702.59	703.40	20.063	34.512	43.557	1427.6	-0.023412	163.44	0.67680	0.045194	liquid
440.18	72.737	0.90046	11.105	705.30	706.12	20.124	34.485	43.577	1426.1	-0.023301	162.79	0.67659	0.045057	liquid
440.81	73.855	0.89983	11.113	708.01	708.84	20.186	34.459	43.598	1424.5	-0.023189	162.15	0.67637	0.044921	liquid
441.43	74.988	0.89920	11.121	710.72	711.56	20.247	34.432	43.619	1422.9	-0.023077	161.51	0.67615	0.044784	liquid
442.05	76.134	0.89857	11.129	713.43	714.29	20.309	34.406	43.640	1421.3	-0.022964	160.88	0.67592	0.044647	liquid
442.68	77.294	0.89793	11.137	716.14	717.02	20.370	34.380	43.662	1419.7	-0.022850	160.25	0.67569	0.044510	liquid
443.30	78.468	0.89730	11.145	718.86	719.74	20.431	34.354	43.683	1418.1	-0.022736	159.62	0.67546	0.044373	liquid
443.92	79.656	0.89666	11.153	721.57	722.47	20.493	34.328	43.705	1416.5	-0.022621	159.00	0.67522	0.044236	liquid
444.55	80.859	0.89602	11.160	724.29	725.21	20.554	34.302	43.727	1414.9	-0.022505	158.39	0.67498	0.044098	liquid
445.17	82.075	0.89538	11.168	727.01	727.94	20.615	34.276	43.749	1413.3	-0.022388	157.78	0.67474	0.043961	liquid
445.79	83.306	0.89473	11.177	729.73	730.67	20.676	34.250	43.772	1411.6	-0.022271	157.18	0.67449	0.043823	liquid
446.42	84.552	0.89409	11.185	732.45	733.41	20.737	34.224	43.794	1410.0	-0.022153	156.58	0.67424	0.043686	liquid
447.04	85.812	0.89344	11.193	735.17	736.14	20.798	34.198	43.817	1408.3	-0.022035	155.98	0.67398	0.043548	liquid
447.66	87.087	0.89279	11.201	737.89	738.88	20.859	34.172	43.840	1406.7	-0.021915	155.39	0.67372	0.043410	liquid
448.29	88.377	0.89214	11.209	740.62	741.62	20.920	34.147	43.863	1405.0	-0.021795	154.81	0.67346	0.043272	liquid
448.91	89.682	0.89149	11.217	743.34	744.36	20.980	34.121	43.886	1403.3	-0.021674	154.22	0.67319	0.043133	liquid
449.53	91.002	0.89083	11.225	746.07	747.11	21.041	34.096	43.910	1401.6	-0.021553	153.65	0.67292	0.042995	liquid
450.16	92.338	0.89018	11.234	748.80	749.85	21.102	34.070	43.933	1399.9	-0.021430	153.07	0.67265	0.042857	liquid
450.78	93.689	0.88952	11.242	751.53	752.60	21.162	34.045	43.957	1398.2	-0.021307	152.51	0.67237	0.042718	liquid
451.40	95.055	0.88886	11.250	754.26	755.34	21.223	34.020	43.981	1396.5	-0.021183	151.94	0.67209	0.042580	liquid
452.03	96.437	0.88820	11.259	756.99	758.09	21.283	33.995	44.005	1394.8	-0.021058	151.38	0.67180	0.042441	liquid
452.65	97.835	0.88753	11.267	759.73	760.84	21.344	33.969	44.030	1393.1	-0.020933	150.83	0.67151	0.042302	liquid
453.27	99.249	0.88687	11.276	762.46	763.59	21.404	33.944	44.055	1391.4	-0.020807	150.27	0.67122	0.042163	liquid
453.90	10.068	0.88620	11.284	765.20	766.35	21.465	33.919	44.079	1389.6	-0.020679	149.73	0.67092	0.042024	liquid
454.52	10.212	0.88553	11.293	767.94	769.10	21.525	33.894	44.104	1387.9	-0.020552	149.18	0.67062	0.041885	liquid
455.14	10.359	0.88486	11.301	770.67	771.86	21.585	33.869	44.130	1386.1	-0.020423	148.64	0.67032	0.041745	liquid
455.77	10.507	0.88419	11.310	773.42	774.62	21.645	33.845	44.155	1384.4	-0.020293	148.11	0.67001	0.041606	liquid
456.39	10.656	0.88351	11.318	776.16	777.38	21.706	33.820	44.181	1382.6	-0.020163	147.57	0.66970	0.041466	liquid
457.01	10.807	0.88284	11.327	778.90	780.14	21.766	33.795	44.207	1380.8	-0.020031	147.05	0.66938	0.041327	liquid
457.64	10.960	0.88216	11.336	781.65	782.90	21.826	33.771	44.233	1379.0	-0.019899	146.52	0.66907	0.041187	liquid
458.26	11.115	0.88148	11.345	784.39	785.67	21.886	33.746	44.259	1377.2	-0.019766	146.00	0.66874	0.041047	liquid
458.88	11.271	0.88080	11.353	787.14	788.44	21.946	33.722	44.286	1375.4	-0.019633	145.48	0.66842	0.040907	liquid
459.50	11.429	0.88011	11.362	789.89	791.20	22.006	33.697	44.313	1373.6	-0.019498	144.97	0.66809	0.040767	liquid
460.13	11.589	0.87943	11.371	792.64	793.97	22.065	33.673	44.340	1371.8	-0.019362	144.46	0.66776	0.040627	liquid
460.75	11.750	0.87874	11.380	795.39	796.75	22.125	33.649	44.367	1370.0	-0.019226	143.96	0.66742	0.040486	liquid
461.37	11.913	0.87805	11.389	798.15	799.52	22.185	33.624	44.394	1368.1	-0.019088	143.45	0.66708	0.040346	liquid
462.00	12.078	0.87736	11.398	800.90	802.30	22.245	33.600	44.422	1366.3	-0.018950	142.96	0.66674	0.040205	liquid
462.62	12.245	0.87667	11.407	803.66	805.07	22.304	33.576	44.450	1364.4	-0.018811	142.46	0.66639	0.040065	liquid
463.24	12.414	0.87597	11.416	806.42	807.85	22.364	33.552	44.478	1362.6	-0.018670	141.97	0.66604	0.039924	liquid
463.87	12.584	0.87527	11.425	809.18	810.63	22.423	33.528	44.507	1360.7	-0.018529	141.48	0.66569	0.039783	liquid
464.49	12.756	0.87457	11.434	811.94	813.42	22.483	33.504	44.535	1358.9	-0.018387	140.99	0.66533	0.039642	liquid
465.11	12.930	0.87387	11.443	814.70	816.20	22.542	33.480	44.564	1357.0	-0.018244	140.51	0.66497	0.039501	liquid
465.74	13.106	0.87317	11.453	817.46	818.99	22.602	33.457	44.593	1355.1	-0.018100	140.03	0.66461	0.039360	liquid
466.36	13.284	0.87247	11.462	820.23	821.77	22.661	33.433	44.623	1353.2	-0.017955	139.56	0.66424	0.039219	liquid
466.98	13.464	0.87176	11.471	823.00	824.56	22.721	33.409	44.652	1351.3	-0.017809	139.09	0.66387	0.039078	liquid
467.61	13.645	0.87105	11.480	825.77	827.36	22.780	33.386	44.682	1349.4	-0.017662	138.62	0.66349	0.038936	liquid
468.23	13.829	0.87034	11.490	828.54	830.15	22.839	33.362	44.712	1347.5	-0.017514	138.15	0.66312	0.038795	liquid
468.85	14.014	0.86963	11.499	831.31	832.94	22.898	33.339	44.742	1345.5	-0.017365	137.69	0.66274	0.038653	liquid
469.48	14.202	0.86891	11.509	834.09	835.74	22.957	33.316	44.773	1343.6	-0.017215	137.23	0.66235	0.038512	liquid
470.10	14.391	0.86819	11.518	836.86	838.54	23.017	33.292	44.804	1341.7	-0.017064	136.77	0.66196	0.038370	liquid
470.72	14.582	0.86748	11.528	839.64	841.34	23.076	33.269	44.835	1339.7	-0.016912	136.32	0.66157	0.038228	liquid
471.35	14.775	0.86676	11.537	842.42	844.15	23.135	33.246	44.866	1337.8	-0.016759	135.87	0.66118	0.038086	liquid
471.97	14.971	0.86603	11.547	845.20	846.95	23.194	33.223	44.898	1335.8	-0.016604	135.42	0.66078	0.037944	liquid
472.59	15.168	0.86531	11.557	847.98	849.76	23.253	33.200	44.930	1333.8	-0.016449	134.98	0.66038	0.037802	liquid
473.22	15.367	0.86458	11.566	850.77	852.57	23.312	33.177	44.962	1331.8	-0.016292	134.54	0.65997	0.037659	liquid
473.84	15.568	0.86385	11.576	853.55	855.38	23.370	33.154	44.994	1329.9	-0.016135	134.10	0.65956	0.037517	liquid
474.46	15.772	0.86312	11.586	856.34	858.19	23.429	33.131	45.027	1327.9	-0.015976	133.66	0.65915	0.037375	liquid
475.09	15.977	0.86239	11.596	859.13	861.01	23.488	33.108	45.060	1325.9	-0.015816	133.23	0.65874	0.037232	liquid
475.71	16.185	0.86165	11.606	861.92	863.83	23.547	33.086	45.093	1323.8	-0.015655	132.80	0.65832	0.037090	liquid
476.33	16.394	0.86092	11.616	864.72	866.64	23.606	33.063	45.127	1321.8	-0.015493	132.37	0.65790	0.036947	liquid
476.96	16.606	0.86018	11.626	867.51	869.47	23.664	33.041	45.160	1319.8	-0.015330	131.95	0.65747	0.036804	liquid
477.58	16.820	0.85944	11.636	870.31	872.29	23.723	33.018	45.194	1317.8	-0.015166	131.53	0.65704	0.036661	liquid
478.20	17.035	0.85869	11.646	873.11	875.12	23.781	32.996	45.229	1315.7	-0.015000	131.11	0.65661	0.036518	liquid
478.82	17.253	0.85795	11.656	875.91	877.94	23.840	32.973	45.263	1313.7	-0.014833	130.69	0.65618	0.036375	liquid
479.45	17.474	0.85720	11.666	878.71	880.77	23.899	32.951	45.298	1311.6	-0.014665	130.27	0.65574	0.036232	liquid
480.07	17.696	0.85645	11.676	881.51	883.61	23.957	32.929	45.334	1309.6	-0.014496	129.86	0.65530	0.036089	liquid
480.69	17.921	0.85570	11.686	884.32	886.44	24.015	32.907	45.369	1307.5	-0.014325	129.45	0.65485	0.035946	liquid
481.32	18.148	0.85495	11.697	887.13	889.28	24.074	32.885	45.405	1305.4	-0.014153	129.05	0.65440	0.035802	liquid
481.94	18.377	0.85419	11.707	889.94	892.12	24.132	32.863	45.441	1303.3	-0.013980	128.64	0.65395	0.035659	liquid
482.56	18.608	0.85343	11.717	892.75	894.96	24.191	32.841	45.478	1301.2	-0.013806	128.24	0.65349	0.035515	liquid
483.19	18.841	0.85267	11.728	895.56	897.80	24.249	32.819	45.514	1299.1	-0.013630	127.84	0.65304	0.035372	liquid
483.81	19.077	0.85191	11.738	898.38	900.65	24.307	32.797	45.551	1297.0	-0.013453	127.44	0.65257	0.035228	liquid
484.43	19.315	0.85115	11.749	901.20	903.50	24.365	32.775	45.589	1294.9	-0.013275	127.05	0.65211	0.035084	liquid
485.06	19.556	0.85038	11.759	904.02	906.35	24.424	32.754	45.626	1292.8	-0.013096	126.66	0.65164	0.034941	liquid
485.68	19.798	0.84961	11.770	906.84	909.20	24.482	32.732	45.664	1290.6	-0.012915	126.27	0.65117	0.034797	liquid
486.30	20.043	0.84884	11.781	909.66	912.05	24.540	32.711	45.703	1288.5	-0.012732	125.88	0.65069	0.034653	liquid
486.93	20.291	0.84806	11.792	912.49	914.91	24.598	32.689	45.741	1286.4	-0.012549	125.50	0.65022	0.034509	liquid
487.55	20.540	0.84729	11.802	915.31	917.77	24.656	32.668	45.780	1284.2	-0.012364	125.11	0.64974	0.034365	liquid
488.17	20.792	0.84651	11.813	918.14	920.63	24.714	32.647	45.820	1282.0	-0.012177	124.73	0.64925	0.034220	liquid
488.80	21.047	0.84573	11.824	920.98	923.50	24.772	32.625	45.859	1279.9	-0.011989	124.35	0.64876	0.034076	liquid
489.42	21.304	0.84495	11.835	923.81	926.37	24.830	32.604	45.899	1277.7	-0.011800	123.98	0.64827	0.033932	liquid
490.04	21.563	0.84416	11.846	926.65	929.23	24.888	32.583	45.940	1275.5	-0.011609	123.60	0.64778	0.033787	liquid
490.67	21.825	0.84338	11.857	929.48	932.11	24.946	32.562	45.980	1273.3	-0.011417	123.23	0.64728	0.033643	liquid
491.29	22.089	0.84259	11.868	932.33	934.98	25.004	32.541	46.022	1271.1	-0.011223	122.86	0.64678	0.033499	liquid
491.91	22.356	0.84180	11.879	935.17	937.86	25.062	32.520	46.063	1268.9	-0.011028	122.49	0.64627	0.033354	liquid
492.54	22.625	0.84100	11.891	938.01	940.74	25.120	32.499	46.105	1266.7	-0.010831	122.13	0.64577	0.033209	liquid
493.16	22.896	0.84021	11.902	940.86	943.62	25.178	32.478	46.147	1264.5	-0.010633	121.76	0.64526	0.033065	liquid
493.78	23.171	0.83941	11.913	943.71	946.51	25.235	32.458	46.189	1262.2	-0.010433	121.40	0.64474	0.032920	liquid
494.41	23.447	0.83861	11.925	946.56	949.39	25.293	32.437	46.232	1260.0	-0.010231	121.04	0.64422	0.032775	liquid
495.03	23.727	0.83781	11.936	949.41	952.28	25.351	32.417	46.276	1257.8	-0.010028	120.68	0.64370	0.032630	liquid
495.65	24.008	0.83700	11.947	952.27	955.17	25.409	32.396	46.319	1255.5	-0.0098238	120.33	0.64318	0.032485	liquid
496.28	24.293	0.83619	11.959	955.13	958.07	25.466	32.376	46.363	1253.2	-0.0096175	119.97	0.64265	0.032340	liquid
496.90	24.580	0.83538	11.971	957.99	960.97	25.524	32.355	46.408	1251.0	-0.0094096	119.62	0.64212	0.032195	liquid
497.52	24.869	0.83457	11.982	960.85	963.87	25.582	32.335	46.452	1248.7	-0.0092000	119.27	0.64159	0.032050	liquid
498.14	25.161	0.83375	11.994	963.71	966.77	25.639	32.315	46.498	1246.4	-0.0089887	118.92	0.64105	0.031905	liquid
498.77	25.456	0.83294	12.006	966.58	969.68	25.697	32.295	46.543	1244.1	-0.0087758	118.58	0.64051	0.031759	liquid
499.39	25.754	0.83212	12.018	969.45	972.59	25.754	32.275	46.589	1241.8	-0.0085611	118.23	0.63997	0.031614	liquid
500.01	26.054	0.83129	12.029	972.32	975.50	25.812	32.255	46.636	1239.5	-0.0083447	117.89	0.63943	0.031469	liquid
500.64	26.357	0.83047	12.041	975.20	978.41	25.869	32.235	46.683	1237.2	-0.0081265	117.55	0.63888	0.031323	liquid
501.26	26.662	0.82964	12.053	978.07	981.33	25.927	32.215	46.730	1234.9	-0.0079065	117.21	0.63832	0.031178	liquid
501.88	26.971	0.82881	12.065	980.95	984.25	25.984	32.195	46.777	1232.5	-0.0076847	116.87	0.63777	0.031032	liquid
502.51	27.282	0.82798	12.078	983.83	987.17	26.042	32.175	46.826	1230.2	-0.0074611	116.54	0.63721	0.030887	liquid
503.13	27.595	0.82715	12.090	986.72	990.10	26.099	32.156	46.874	1227.8	-0.0072357	116.20	0.63665	0.030741	liquid
503.75	27.912	0.82631	12.102	989.60	993.03	26.157	32.136	46.923	1225.5	-0.0070084	115.87	0.63608	0.030595	liquid
504.38	28.231	0.82547	12.114	992.49	995.96	26.214	32.117	46.973	1223.1	-0.0067792	115.54	0.63551	0.030450	liquid
505.00	28.553	0.82463	12.127	995.39	998.89	26.271	32.097	47.022	1220.8	-0.0065481	115.21	0.63494	0.030304	liquid
505.62	28.878	0.82378	12.139	998.28	1001.8	26.329	32.078	47.073	1218.4	-0.0063151	114.88	0.63437	0.030158	liquid
506.25	29.206	0.82293	12.152	1001.2	1004.8	26.386	32.059	47.124	1216.0	-0.0060801	114.56	0.63379	0.030012	liquid
506.87	29.537	0.82208	12.164	1004.1	1007.7	26.443	32.040	47.175	1213.6	-0.0058431	114.24	0.63321	0.029866	liquid
507.49	29.870	0.82123	12.177	1007.0	1010.7	26.501	32.020	47.227	1211.2	-0.0056041	113.91	0.63262	0.029720	liquid
508.12	30.207	0.82037	12.190	1009.9	1013.6	26.558	32.001	47.279	1208.8	-0.0053631	113.59	0.63203	0.029574	liquid
508.74	30.546	0.81952	12.202	1012.8	1016.6	26.615	31.982	47.332	1206.4	-0.0051200	113.27	0.63144	0.029428	liquid
509.36	30.888	0.81865	12.215	1015.7	1019.5	26.672	31.964	47.385	1203.9	-0.0048749	112.95	0.63085	0.029282	liquid
509.99	31.233	0.81779	12.228	1018.6	1022.5	26.730	31.945	47.439	1201.5	-0.0046277	112.64	0.63025	0.029136	liquid
510.61	31.581	0.81693	12.241	1021.5	1025.4	26.787	31.926	47.493	1199.1	-0.0043783	112.32	0.62965	0.028990	liquid
511.23	31.933	0.81606	12.254	1024.4	1028.4	26.844	31.907	47.547	1196.6	-0.0041268	112.01	0.62905	0.028844	liquid
511.86	32.287	0.81518	12.267	1027.4	1031.4	26.901	31.889	47.603	1194.2	-0.0038731	111.70	0.62844	0.028698	liquid
512.48	32.644	0.81431	12.280	1030.3	1034.3	26.958	31.870	47.658	1191.7	-0.0036172	111.39	0.62783	0.028551	liquid
513.10	33.004	0.81343	12.294	1033.2	1037.3	27.015	31.852	47.715	1189.2	-0.0033590	111.08	0.62722	0.028405	liquid
513.73	33.367	0.81255	12.307	1036.1	1040.3	27.073	31.833	47.772	1186.7	-0.0030986	110.77	0.62660	0.028259	liquid
514.35	33.733	0.81167	12.320	1039.1	1043.3	27.130	31.815	47.829	1184.3	-0.0028359	110.47	0.62598	0.028112	liquid
514.97	34.103	0.81078	12.334	1042.0	1046.3	27.187	31.797	47.887	1181.8	-0.0025709	110.16	0.62536	0.027966	liquid
515.60	34.475	0.80990	12.347	1044.9	1049.3	27.244	31.779	47.945	1179.3	-0.0023035	109.86	0.62473	0.027820	liquid
516.22	34.850	0.80900	12.361	1047.9	1052.3	27.301	31.761	48.004	1176.7	-0.0020337	109.56	0.62410	0.027673	liquid
516.84	35.229	0.80811	12.375	1050.8	1055.2	27.358	31.743	48.064	1174.2	-0.0017616	109.26	0.62347	0.027527	liquid
517.46	35.611	0.80721	12.388	1053.8	1058.2	27.415	31.725	48.124	1171.7	-0.0014870	108.96	0.62283	0.027380	liquid
518.09	35.996	0.80631	12.402	1056.7	1061.2	27.472	31.707	48.185	1169.2	-0.0012099	108.66	0.62219	0.027234	liquid
518.71	36.384	0.80541	12.416	1059.7	1064.3	27.529	31.689	48.246	1166.6	-0.00093031	108.36	0.62155	0.027087	liquid
519.33	36.775	0.80451	12.430	1062.6	1067.3	27.586	31.672	48.308	1164.1	-0.00064819	108.07	0.62091	0.026941	liquid
519.96	37.170	0.80360	12.444	1065.6	1070.3	27.643	31.654	48.371	1161.5	-0.00036351	107.77	0.62026	0.026794	liquid
520.58	37.568	0.80268	12.458	1068.6	1073.3	27.700	31.636	48.434	1158.9	-7,62E-01	107.48	0.61961	0.026647	liquid
521.20	37.969	0.80177	12.472	1071.5	1076.3	27.757	31.619	48.498	1156.3	0.00021371	107.19	0.61895	0.026501	liquid
521.83	38.373	0.80085	12.487	1074.5	1079.3	27.814	31.602	48.562	1153.8	0.00050631	106.90	0.61829	0.026354	liquid
522.45	38.780	0.79993	12.501	1077.5	1082.4	27.871	31.584	48.627	1151.2	0.00080162	106.61	0.61763	0.026208	liquid
523.07	39.191	0.79901	12.516	1080.4	1085.4	27.928	31.567	48.693	1148.6	0.0010997	106.32	0.61697	0.026061	liquid
523.70	39.606	0.79808	12.530	1083.4	1088.4	27.985	31.550	48.760	1146.0	0.0014005	106.03	0.61630	0.025914	liquid
524.32	40.023	0.79715	12.545	1086.4	1091.5	28.042	31.533	48.827	1143.3	0.0017041	105.75	0.61563	0.025768	liquid
524.94	40.444	0.79622	12.559	1089.4	1094.5	28.099	31.516	48.895	1140.7	0.0020106	105.46	0.61496	0.025621	liquid
525.57	40.868	0.79528	12.574	1092.4	1097.6	28.156	31.499	48.963	1138.1	0.0023200	105.18	0.61428	0.025474	liquid
526.19	41.296	0.79434	12.589	1095.3	1100.6	28.213	31.483	49.032	1135.4	0.0026323	104.90	0.61360	0.025327	liquid
526.81	41.727	0.79340	12.604	1098.3	1103.7	28.270	31.466	49.102	1132.8	0.0029476	104.61	0.61291	0.025181	liquid
527.44	42.162	0.79245	12.619	1101.3	1106.7	28.327	31.449	49.173	1130.1	0.0032659	104.33	0.61223	0.025034	liquid
528.06	42.600	0.79150	12.634	1104.3	1109.8	28.384	31.433	49.244	1127.4	0.0035873	104.05	0.61154	0.024887	liquid
528.68	43.041	0.79055	12.649	1107.3	1112.9	28.441	31.416	49.316	1124.8	0.0039118	103.78	0.61084	0.024741	liquid
529.31	43.486	0.78959	12.665	1110.3	1115.9	28.498	31.400	49.389	1122.1	0.0042394	103.50	0.61015	0.024594	liquid
529.93	43.935	0.78864	12.680	1113.4	1119.0	28.555	31.384	49.463	1119.4	0.0045701	103.22	0.60945	0.024447	liquid
530.55	44.387	0.78767	12.696	1116.4	1122.1	28.612	31.368	49.537	1116.7	0.0049041	102.95	0.60875	0.024300	liquid
531.18	44.842	0.78671	12.711	1119.4	1125.2	28.669	31.352	49.613	1114.0	0.0052414	102.67	0.60804	0.024154	liquid
531.80	45.301	0.78574	12.727	1122.4	1128.3	28.726	31.336	49.689	1111.3	0.0055820	102.40	0.60733	0.024007	liquid
532.42	45.764	0.78477	12.743	1125.4	1131.3	28.783	31.320	49.765	1108.5	0.0059260	102.13	0.60662	0.023860	liquid
533.05	46.230	0.78379	12.759	1128.5	1134.4	28.840	31.304	49.843	1105.8	0.0062733	101.86	0.60590	0.023713	liquid
533.67	46.700	0.78281	12.774	1131.5	1137.5	28.897	31.288	49.922	1103.0	0.0066242	101.59	0.60518	0.023567	liquid
534.29	47.174	0.78183	12.791	1134.5	1140.6	28.954	31.273	50.001	1100.3	0.0069785	101.32	0.60446	0.023420	liquid
534.92	47.651	0.78084	12.807	1137.6	1143.8	29.011	31.257	50.081	1097.5	0.0073364	101.05	0.60373	0.023273	liquid
535.54	48.132	0.77985	12.823	1140.6	1146.9	29.068	31.242	50.162	1094.8	0.0076979	100.78	0.60300	0.023127	liquid
536.16	48.617	0.77886	12.839	1143.7	1150.0	29.125	31.227	50.244	1092.0	0.0080631	100.52	0.60227	0.022980	liquid
536.78	49.105	0.77786	12.856	1146.7	1153.1	29.182	31.211	50.327	1089.2	0.0084320	100.25	0.60154	0.022833	liquid
537.41	49.597	0.77686	12.872	1149.8	1156.2	29.239	31.196	50.411	1086.4	0.0088047	99.986	0.60080	0.022687	liquid
538.03	50.093	0.77585	12.889	1152.8	1159.4	29.296	31.181	50.496	1083.6	0.0091812	99.722	0.60006	0.022540	liquid
538.65	50.593	0.77485	12.906	1155.9	1162.5	29.353	31.166	50.582	1080.8	0.0095616	99.459	0.59931	0.022394	liquid
539.28	51.096	0.77383	12.923	1159.0	1165.6	29.410	31.151	50.668	1077.9	0.0099459	99.196	0.59856	0.022247	liquid
539.90	51.603	0.77282	12.940	1162.0	1168.8	29.467	31.137	50.756	1075.1	0.010334	98.935	0.59781	0.022100	liquid
540.52	52.114	0.77180	12.957	1165.1	1171.9	29.524	31.122	50.845	1072.2	0.010727	98.674	0.59705	0.021954	liquid
541.15	52.629	0.77078	12.974	1168.2	1175.1	29.581	31.108	50.935	1069.4	0.011123	98.415	0.59630	0.021807	liquid
541.77	53.148	0.76975	12.991	1171.3	1178.3	29.639	31.093	51.025	1066.5	0.011524	98.156	0.59553	0.021661	liquid
542.39	53.671	0.76872	13.009	1174.3	1181.4	29.696	31.079	51.117	1063.7	0.011929	97.897	0.59477	0.021514	liquid
543.02	54.197	0.76768	13.026	1177.4	1184.6	29.753	31.065	51.210	1060.8	0.012338	97.640	0.59400	0.021368	liquid
543.64	54.728	0.76664	13.044	1180.5	1187.8	29.810	31.050	51.304	1057.9	0.012752	97.383	0.59323	0.021222	liquid
544.26	55.263	0.76560	13.062	1183.6	1190.9	29.867	31.036	51.399	1055.0	0.013170	97.127	0.59245	0.021075	liquid
544.89	55.801	0.76455	13.080	1186.7	1194.1	29.924	31.023	51.496	1052.1	0.013593	96.872	0.59167	0.020929	liquid
545.51	56.344	0.76350	13.098	1189.8	1197.3	29.982	31.009	51.593	1049.2	0.014020	96.617	0.59089	0.020783	liquid
546.13	56.890	0.76245	13.116	1193.0	1200.5	30.039	30.995	51.692	1046.2	0.014452	96.364	0.59011	0.020636	liquid
546.76	57.441	0.76139	13.134	1196.1	1203.7	30.096	30.982	51.791	1043.3	0.014888	96.110	0.58932	0.020490	liquid
547.38	57.995	0.76033	13.152	1199.2	1206.9	30.153	30.968	51.892	1040.4	0.015330	95.858	0.58852	0.020344	liquid
548.00	58.554	0.75926	13.171	1202.3	1210.1	30.211	30.955	51.995	1037.4	0.015776	95.606	0.58773	0.020198	liquid
548.63	59.117	0.75819	13.189	1205.5	1213.4	30.268	30.942	52.098	1034.4	0.016228	95.355	0.58693	0.020052	liquid
549.25	59.684	0.75711	13.208	1208.6	1216.6	30.325	30.928	52.203	1031.5	0.016684	95.104	0.58613	0.019906	liquid
549.87	60.255	0.75603	13.227	1211.7	1219.8	30.383	30.915	52.309	1028.5	0.017145	94.854	0.58532	0.019760	liquid
550.50	60.830	0.75494	13.246	1214.9	1223.0	30.440	30.903	52.416	1025.5	0.017612	94.605	0.58451	0.019614	liquid
551.12	61.409	0.75386	13.265	1218.0	1226.3	30.497	30.890	52.525	1022.5	0.018084	94.356	0.58370	0.019468	liquid
551.74	61.993	0.75276	13.284	1221.2	1229.5	30.555	30.877	52.635	1019.5	0.018562	94.108	0.58288	0.019322	liquid
552.37	62.581	0.75166	13.304	1224.3	1232.8	30.612	30.865	52.747	1016.4	0.019044	93.861	0.58206	0.019176	liquid
552.99	63.173	0.75056	13.323	1227.5	1236.0	30.670	30.852	52.860	1013.4	0.019533	93.614	0.58124	0.019031	liquid
553.61	63.769	0.74945	13.343	1230.7	1239.3	30.727	30.840	52.974	1010.3	0.020027	93.367	0.58041	0.018885	liquid
554.24	64.370	0.74834	13.363	1233.9	1242.6	30.785	30.828	53.090	1007.3	0.020527	93.121	0.57958	0.018739	liquid
554.86	64.975	0.74723	13.383	1237.0	1245.8	30.842	30.816	53.208	1004.2	0.021033	92.876	0.57875	0.018594	liquid
555.48	65.584	0.74610	13.403	1240.2	1249.1	30.900	30.804	53.327	1001.1	0.021544	92.631	0.57791	0.018448	liquid
556.10	66.198	0.74498	13.423	1243.4	1252.4	30.958	30.792	53.447	998.06	0.022062	92.387	0.57707	0.018303	liquid
556.73	66.816	0.74385	13.444	1246.6	1255.7	31.015	30.781	53.570	994.97	0.022586	92.143	0.57623	0.018158	liquid
557.35	67.438	0.74271	13.464	1249.8	1259.0	31.073	30.769	53.693	991.86	0.023116	91.900	0.57538	0.018012	liquid
557.97	68.065	0.74157	13.485	1253.0	1262.3	31.131	30.758	53.819	988.74	0.023653	91.657	0.57453	0.017867	liquid
558.60	68.696	0.74043	13.506	1256.2	1265.6	31.189	30.747	53.946	985.61	0.024196	91.414	0.57367	0.017722	liquid
559.22	69.332	0.73928	13.527	1259.4	1269.0	31.246	30.736	54.075	982.48	0.024745	91.172	0.57281	0.017577	liquid
559.84	69.973	0.73812	13.548	1262.7	1272.3	31.304	30.725	54.206	979.33	0.025302	90.931	0.57195	0.017432	liquid
560.47	70.617	0.73696	13.569	1265.9	1275.6	31.362	30.714	54.339	976.17	0.025865	90.690	0.57109	0.017287	liquid
561.09	71.267	0.73579	13.591	1269.1	1278.9	31.420	30.703	54.473	973.00	0.026435	90.449	0.57022	0.017142	liquid
561.71	71.921	0.73462	13.612	1272.4	1282.3	31.478	30.693	54.609	969.81	0.027012	90.209	0.56934	0.016998	liquid
562.34	72.579	0.73345	13.634	1275.6	1285.6	31.536	30.683	54.748	966.62	0.027597	89.969	0.56847	0.016853	liquid
562.96	73.242	0.73227	13.656	1278.9	1289.0	31.594	30.672	54.888	963.42	0.028188	89.729	0.56759	0.016708	liquid
563.58	73.910	0.73108	13.678	1282.1	1292.4	31.652	30.662	55.030	960.20	0.028788	89.490	0.56670	0.016564	liquid
564.21	74.582	0.72989	13.701	1285.4	1295.7	31.711	30.653	55.175	956.98	0.029395	89.251	0.56581	0.016420	liquid
564.83	75.259	0.72869	13.723	1288.7	1299.1	31.769	30.643	55.321	953.74	0.030009	89.013	0.56492	0.016275	liquid
565.45	75.941	0.72748	13.746	1291.9	1302.5	31.827	30.633	55.470	950.49	0.030632	88.775	0.56403	0.016131	liquid
566.08	76.627	0.72628	13.769	1295.2	1305.9	31.885	30.624	55.620	947.23	0.031263	88.537	0.56313	0.015987	liquid
566.70	77.318	0.72506	13.792	1298.5	1309.3	31.944	30.615	55.774	943.96	0.031901	88.299	0.56222	0.015843	liquid
567.32	78.014	0.72384	13.815	1301.8	1312.7	32.002	30.606	55.929	940.67	0.032549	88.062	0.56132	0.015699	liquid
567.95	78.715	0.72261	13.839	1305.1	1316.1	32.061	30.597	56.087	937.38	0.033204	87.825	0.56041	0.015555	liquid
568.57	79.420	0.72138	13.862	1308.4	1319.6	32.119	30.588	56.247	934.07	0.033869	87.588	0.55949	0.015412	liquid
569.19	80.131	0.72014	13.886	1311.7	1323.0	32.178	30.580	56.410	930.75	0.034542	87.352	0.55857	0.015268	liquid
569.82	80.846	0.71890	13.910	1315.1	1326.5	32.237	30.571	56.575	927.42	0.035224	87.116	0.55765	0.015125	liquid
570.44	81.566	0.71765	13.934	1318.4	1329.9	32.295	30.563	56.743	924.08	0.035916	86.880	0.55672	0.014982	liquid
571.06	82.291	0.71639	13.959	1321.7	1333.4	32.354	30.555	56.913	920.73	0.036617	86.644	0.55579	0.014838	liquid
571.69	83.021	0.71513	13.984	1325.1	1336.8	32.413	30.547	57.086	917.36	0.037327	86.408	0.55486	0.014695	liquid
572.31	83.756	0.71386	14.008	1328.4	1340.3	32.472	30.540	57.262	913.98	0.038047	86.173	0.55392	0.014552	liquid
572.93	84.496	0.71258	14.033	1331.8	1343.8	32.531	30.533	57.441	910.59	0.038777	85.938	0.55298	0.014410	liquid
573.56	85.241	0.71130	14.059	1335.1	1347.3	32.590	30.525	57.622	907.19	0.039518	85.703	0.55203	0.014267	liquid
574.18	85.991	0.71001	14.084	1338.5	1350.8	32.649	30.518	57.807	903.77	0.040268	85.468	0.55108	0.014124	liquid
574.80	86.746	0.70872	14.110	1341.9	1354.3	32.708	30.512	57.995	900.34	0.041030	85.233	0.55012	0.013982	liquid
575.42	87.506	0.70741	14.136	1345.3	1357.8	32.768	30.505	58.186	896.90	0.041802	84.998	0.54917	0.013840	liquid
576.05	88.271	0.70611	14.162	1348.7	1361.3	32.827	30.499	58.380	893.44	0.042585	84.764	0.54820	0.013697	liquid
576.67	89.042	0.70479	14.189	1352.1	1364.9	32.887	30.493	58.577	889.98	0.043379	84.529	0.54724	0.013556	liquid
577.29	89.817	0.70347	14.215	1355.5	1368.4	32.946	30.487	58.778	886.50	0.044185	84.295	0.54626	0.013414	liquid
577.92	90.598	0.70214	14.242	1358.9	1372.0	33.006	30.481	58.982	883.00	0.045002	84.060	0.54529	0.013272	liquid
578.54	91.384	0.70080	14.269	1362.3	1375.5	33.065	30.476	59.190	879.50	0.045832	83.826	0.54431	0.013130	liquid
579.16	92.175	0.69945	14.297	1365.8	1379.1	33.125	30.470	59.402	875.97	0.046674	83.592	0.54332	0.012989	liquid
579.79	92.971	0.69810	14.325	1369.2	1382.7	33.185	30.465	59.617	872.44	0.047528	83.358	0.54233	0.012848	liquid
580.41	93.773	0.69674	14.353	1372.7	1386.3	33.245	30.461	59.836	868.89	0.048395	83.123	0.54134	0.012707	liquid
581.03	94.580	0.69537	14.381	1376.1	1389.9	33.305	30.456	60.059	865.33	0.049275	82.889	0.54034	0.012566	liquid
581.66	95.393	0.69400	14.409	1379.6	1393.5	33.365	30.452	60.286	861.76	0.050168	82.655	0.53934	0.012425	liquid
582.28	96.210	0.69261	14.438	1383.1	1397.1	33.425	30.448	60.518	858.17	0.051075	82.421	0.53834	0.012285	liquid
582.90	97.034	0.69122	14.467	1386.6	1400.8	33.486	30.444	60.753	854.56	0.051996	82.186	0.53732	0.012144	liquid
583.53	97.862	0.68982	14.496	1390.0	1404.4	33.546	30.441	60.993	850.94	0.052931	81.952	0.53631	0.012004	liquid
584.15	98.696	0.68842	14.526	1393.6	1408.1	33.607	30.438	61.238	847.31	0.053881	81.717	0.53529	0.011864	liquid
584.77	99.536	0.68700	14.556	1397.1	1411.8	33.667	30.435	61.488	843.67	0.054846	81.483	0.53426	0.011724	liquid
585.40	100.38	0.68558	14.586	1400.6	1415.4	33.728	30.432	61.742	840.00	0.055826	81.248	0.53323	0.011584	liquid
586.02	101.23	0.68414	14.617	1404.1	1419.1	33.789	30.430	62.001	836.33	0.056821	81.013	0.53220	0.011445	liquid
586.64	102.09	0.68270	14.648	1407.7	1422.8	33.850	30.428	62.265	832.64	0.057833	80.778	0.53116	0.011306	liquid
587.27	102.95	0.68125	14.679	1411.2	1426.5	33.911	30.427	62.535	828.93	0.058861	80.543	0.53012	0.011167	liquid
587.89	103.82	0.67979	14.710	1414.8	1430.3	33.972	30.425	62.810	825.21	0.059906	80.307	0.52907	0.011028	liquid
588.51	104.69	0.67832	14.742	1418.4	1434.0	34.034	30.424	63.090	821.47	0.060967	80.072	0.52802	0.010889	liquid
589.14	105.57	0.67685	14.774	1422.0	1437.8	34.095	30.423	63.377	817.72	0.062047	79.836	0.52696	0.010751	liquid
589.76	106.45	0.67536	14.807	1425.5	1441.5	34.157	30.423	63.669	813.95	0.063144	79.600	0.52589	0.010612	liquid
590.38	107.34	0.67386	14.840	1429.2	1445.3	34.219	30.423	63.968	810.16	0.064260	79.364	0.52483	0.010474	liquid
591.01	108.24	0.67236	14.873	1432.8	1449.1	34.280	30.424	64.273	806.36	0.065395	79.127	0.52375	0.010337	liquid
591.63	109.14	0.67084	14.907	1436.4	1452.9	34.342	30.424	64.584	802.55	0.066549	78.890	0.52267	0.010199	liquid
592.25	110.05	0.66931	14.941	1440.0	1456.7	34.405	30.425	64.902	798.71	0.067723	78.653	0.52159	0.010062	liquid
592.88	110.96	0.66777	14.975	1443.7	1460.5	34.467	30.427	65.228	794.86	0.068918	78.415	0.52050	0.0099247	liquid
593.50	111.88	0.66623	15.010	1447.4	1464.4	34.529	30.429	65.560	790.99	0.070133	78.177	0.51941	0.0097879	liquid
594.12	112.81	0.66467	15.045	1451.0	1468.2	34.592	30.431	65.900	787.11	0.071370	77.939	0.51831	0.0096512	liquid
594.74	113.74	0.66310	15.081	1454.7	1472.1	34.655	30.434	66.248	783.21	0.072629	77.700	0.51721	0.0095149	liquid
595.37	114.68	0.66152	15.117	1458.4	1476.0	34.717	30.437	66.604	779.29	0.073910	77.461	0.51610	0.0093788	liquid
595.99	115.62	0.65993	15.153	1462.1	1479.9	34.781	30.441	66.968	775.35	0.075215	77.221	0.51498	0.0092429	liquid
596.61	116.57	0.65833	15.190	1465.9	1483.8	34.844	30.445	67.341	771.39	0.076544	76.981	0.51386	0.0091073	liquid
597.24	117.52	0.65671	15.227	1469.6	1487.7	34.907	30.449	67.723	767.41	0.077897	76.741	0.51273	0.0089720	liquid
597.86	118.49	0.65509	15.265	1473.4	1491.7	34.971	30.454	68.114	763.42	0.079276	76.499	0.51160	0.0088370	liquid
598.48	119.45	0.65345	15.303	1477.1	1495.7	35.035	30.460	68.515	759.41	0.080681	76.258	0.51046	0.0087022	liquid
599.11	120.43	0.65180	15.342	1480.9	1499.6	35.098	30.466	68.926	755.37	0.082112	76.015	0.50932	0.0085677	liquid
599.73	121.41	0.65013	15.381	1484.7	1503.6	35.163	30.472	69.347	751.32	0.083571	75.773	0.50817	0.0084335	liquid
600.35	122.40	0.64846	15.421	1488.5	1507.6	35.227	30.479	69.779	747.25	0.085058	75.529	0.50702	0.0082996	liquid
600.98	123.39	0.64677	15.461	1492.3	1511.7	35.291	30.487	70.222	743.16	0.086575	75.285	0.50586	0.0081660	liquid
601.60	124.39	0.64507	15.502	1496.2	1515.7	35.356	30.495	70.677	739.04	0.088121	75.040	0.50469	0.0080327	liquid
602.22	125.39	0.64335	15.544	1500.0	1519.8	35.421	30.504	71.145	734.91	0.089699	74.794	0.50352	0.0078997	liquid
602.85	126.40	0.64162	15.586	1503.9	1523.9	35.486	30.513	71.625	730.75	0.091309	74.548	0.50234	0.0077670	liquid
603.47	127.42	0.63988	15.628	1507.8	1528.0	35.552	30.523	72.119	726.57	0.092952	74.301	0.50115	0.0076347	liquid
604.09	128.45	0.63812	15.671	1511.7	1532.1	35.617	30.534	72.626	722.36	0.094629	74.053	0.49996	0.0075026	liquid
604.72	129.48	0.63634	15.715	1515.6	1536.2	35.683	30.545	73.148	718.14	0.096341	73.804	0.49877	0.0073709	liquid
605.34	130.52	0.63455	15.759	1519.6	1540.4	35.749	30.557	73.686	713.89	0.098090	73.554	0.49756	0.0072396	liquid
605.96	131.56	0.63275	15.804	1523.5	1544.6	35.816	30.570	74.239	709.61	0.099876	73.304	0.49635	0.0071086	liquid
606.59	132.61	0.63093	15.850	1527.5	1548.8	35.882	30.584	74.809	705.31	0.10170	73.052	0.49514	0.0069780	liquid
607.21	133.67	0.62909	15.896	1531.5	1553.0	35.949	30.598	75.397	700.98	0.10357	72.799	0.49391	0.0068477	liquid
607.83	134.74	0.62724	15.943	1535.5	1557.3	36.016	30.613	76.003	696.63	0.10548	72.546	0.49269	0.0067178	liquid
608.46	135.81	0.62537	15.991	1539.5	1561.6	36.084	30.629	76.628	692.25	0.10743	72.291	0.49145	0.0065882	liquid
609.08	136.89	0.62348	16.039	1543.6	1565.8	36.151	30.646	77.274	687.84	0.10942	72.035	0.49021	0.0064591	liquid
609.70	137.97	0.62157	16.088	1547.7	1570.2	36.219	30.664	77.942	683.40	0.11147	71.778	0.48896	0.0063303	liquid
610.33	139.06	0.61964	16.138	1551.8	1574.5	36.287	30.683	78.632	678.93	0.11356	71.519	0.48770	0.0062019	liquid
610.95	140.16	0.61770	16.189	1555.9	1578.9	36.356	30.702	79.346	674.43	0.11570	71.260	0.48644	0.0060740	liquid
611.57	141.27	0.61573	16.241	1560.0	1583.3	36.425	30.723	80.085	669.89	0.11789	70.999	0.48517	0.0059465	liquid
612.20	142.38	0.61375	16.293	1564.2	1587.7	36.494	30.745	80.851	665.33	0.12014	70.736	0.48390	0.0058194	liquid
612.82	143.50	0.61174	16.347	1568.4	1592.2	36.564	30.768	81.645	660.73	0.12245	70.472	0.48262	0.0056927	liquid
613.44	144.63	0.60972	16.401	1572.6	1596.6	36.634	30.793	82.469	656.09	0.12482	70.207	0.48133	0.0055664	liquid
614.06	145.76	0.60767	16.456	1576.8	1601.1	36.704	30.818	83.325	651.42	0.12724	69.939	0.48003	0.0054407	liquid
614.69	146.90	0.60559	16.513	1581.1	1605.7	36.775	30.845	84.215	646.70	0.12974	69.671	0.47873	0.0053153	liquid
615.31	148.05	0.60350	16.570	1585.4	1610.2	36.846	30.873	85.141	641.95	0.13230	69.400	0.47743	0.0051905	liquid
615.93	149.21	0.60138	16.629	1589.7	1614.8	36.918	30.903	86.106	637.16	0.13493	69.127	0.47611	0.0050661	liquid
616.56	150.37	0.59923	16.688	1594.1	1619.5	36.990	30.935	87.111	632.32	0.13763	68.853	0.47479	0.0049423	liquid
617.18	151.54	0.59706	16.749	1598.4	1624.2	37.062	30.968	88.160	627.43	0.14041	68.576	0.47346	0.0048189	liquid
617.80	152.72	0.59486	16.811	1602.8	1628.9	37.135	31.002	89.256	622.50	0.14327	68.298	0.47213	0.0046961	liquid
618.43	153.90	0.59263	16.874	1607.3	1633.6	37.209	31.039	90.402	617.52	0.14622	68.017	0.47079	0.0045737	liquid
619.05	155.10	0.59037	16.938	1611.8	1638.4	37.283	31.077	91.602	612.49	0.14926	67.734	0.46944	0.0044520	liquid
619.67	156.30	0.58809	17.004	1616.3	1643.2	37.357	31.118	92.859	607.41	0.15239	67.448	0.46809	0.0043307	liquid
620.30	157.50	0.58577	17.072	1620.8	1648.1	37.432	31.161	94.179	602.27	0.15562	67.160	0.46674	0.0042101	liquid
620.92	158.72	0.58342	17.140	1625.4	1653.0	37.508	31.206	95.565	597.07	0.15895	66.869	0.46538	0.0040900	liquid
621.54	159.94	0.58103	17.211	1630.0	1657.9	37.584	31.254	97.024	591.82	0.16239	66.575	0.46401	0.0039705	liquid
622.17	161.17	0.57861	17.283	1634.7	1662.9	37.661	31.304	98.561	586.50	0.16595	66.278	0.46264	0.0038516	liquid
622.79	162.41	0.57614	17.357	1639.4	1668.0	37.739	31.358	10.018	581.11	0.16962	65.977	0.46127	0.0037334	liquid
623.41	163.66	0.57365	17.432	1644.1	1673.0	37.817	31.414	10.190	575.66	0.17343	65.674	0.45989	0.0036158	liquid
624.04	164.92	0.57110	17.510	1648.9	1678.2	37.896	31.474	10.371	570.14	0.17736	65.367	0.45851	0.0034988	liquid
624.66	166.18	0.56852	17.590	1653.8	1683.4	37.976	31.537	10.563	564.54	0.18144	65.056	0.45713	0.0033825	liquid
625.28	167.45	0.56589	17.671	1658.7	1688.7	38.056	31.605	10.767	558.87	0.18567	64.741	0.45575	0.0032670	liquid
625.91	168.73	0.56321	17.755	1663.6	1694.0	38.138	31.676	10.984	553.12	0.19005	64.422	0.45438	0.0031521	liquid
626.53	170.02	0.56049	17.842	1668.6	1699.4	38.220	31.752	11.214	547.28	0.19461	64.098	0.45300	0.0030380	liquid
627.15	171.31	0.55771	17.931	1673.7	1704.8	38.303	31.833	11.460	541.37	0.19933	63.770	0.45163	0.0029246	liquid
627.78	172.62	0.55487	18.022	1678.8	1710.4	38.388	31.919	11.723	535.36	0.20424	63.436	0.45026	0.0028120	liquid
628.40	173.93	0.55197	18.117	1684.0	1716.0	38.473	32.012	12.005	529.27	0.20935	63.098	0.44890	0.0027002	liquid
629.02	175.25	0.54902	18.214	1689.3	1721.7	38.560	32.110	12.307	523.08	0.21466	62.754	0.44756	0.0025892	liquid
629.65	176.58	0.54600	18.315	1694.7	1727.4	38.647	32.216	12.631	516.80	0.22019	62.403	0.44622	0.0024791	liquid
630.27	177.92	0.54290	18.419	1700.1	1733.3	38.736	32.329	12.981	510.43	0.22595	62.047	0.44491	0.0023698	liquid
630.89	179.27	0.53974	18.527	1705.6	1739.2	38.827	32.450	13.357	503.96	0.23194	61.684	0.44361	0.0022615	liquid
631.52	180.62	0.53650	18.639	1711.2	1745.3	38.918	32.581	13.765	497.40	0.23819	61.314	0.44234	0.0021541	liquid
632.14	181.99	0.53317	18.756	1716.9	1751.4	39.012	32.721	14.206	490.74	0.24471	60.936	0.44110	0.0020477	liquid
632.76	183.36	0.52976	18.876	1722.6	1757.7	39.107	32.872	14.685	483.99	0.25150	60.551	0.43989	0.0019423	liquid
633.39	184.74	0.52626	19.002	1728.5	1764.1	39.203	33.035	15.206	477.15	0.25859	60.157	0.43873	0.0018380	liquid
634.01	186.13	0.52266	19.133	1734.5	1770.6	39.302	33.211	15.775	470.22	0.26598	59.754	0.43762	0.0017347	liquid
634.63	187.53	0.51895	19.270	1740.6	1777.2	39.402	33.401	16.399	463.21	0.27369	59.342	0.43656	0.0016326	liquid
635.25	188.94	0.51514	19.412	1746.9	1784.0	39.505	33.606	17.083	456.13	0.28174	58.920	0.43558	0.0015317	liquid
635.88	190.36	0.51120	19.562	1753.2	1791.0	39.610	33.828	17.838	448.99	0.29013	58.487	0.43468	0.0014320	liquid
636.50	191.79	0.50715	19.718	1759.8	1798.1	39.717	34.067	18.675	441.79	0.29890	58.044	0.43388	0.0013336	liquid
637.12	193.23	0.50296	19.882	1766.4	1805.4	39.827	34.326	19.609	434.54	0.30805	57.589	0.43319	0.0012366	liquid
637.75	194.68	0.49862	20.055	1773.3	1812.8	39.939	34.605	20.658	427.26	0.31762	57.121	0.43265	0.0011410	liquid
638.37	196.14	0.49413	20.238	1780.3	1820.5	40.055	34.907	21.850	419.95	0.32764	56.639	0.43228	0.0010469	liquid
638.99	197.61	0.48947	20.430	1787.5	1828.4	40.174	35.232	23.219	412.60	0.33817	56.143	0.43213	0.00095443	liquid
639.62	199.09	0.48461	20.635	1795.0	1836.6	40.297	35.584	24.817	405.22	0.34927	55.631	0.43226	0.00086367	liquid
640.24	200.58	0.47954	20.853	1802.7	1845.1	40.425	35.966	26.718	397.77	0.36105	55.100	0.43276	0.00077472	liquid
640.86	202.08	0.47422	21.087	1810.7	1853.9	40.558	36.381	29.031	390.22	0.37363	54.548	0.43375	0.00068773	liquid
641.49	203.59	0.46859	21.341	1819.1	1863.1	40.697	36.839	31.926	382.48	0.38721	53.971	0.43540	0.00060285	liquid
642.11	205.12	0.46258	21.618	1828.0	1872.9	40.843	37.351	35.669	374.45	0.40204	53.364	0.43797	0.00052027	liquid
642.73	206.65	0.45610	21.925	1837.4	1883.3	41.000	37.938	40.704	365.94	0.41848	52.719	0.44184	0.00044020	liquid
643.36	208.20	0.44898	22.272	1847.5	1894.5	41.169	38.637	47.813	356.71	0.43703	52.027	0.44758	0.00036294	liquid
643.98	209.76	0.44101	22.675	1858.7	1906.9	41.357	39.511	58.478	346.36	0.45840	51.273	0.45614	0.00028883	liquid
644.60	211.33	0.43181	23.159	1871.4	1921.0	41.569	40.678	75.806	334.35	0.48364	50.437	0.46919	0.00021836	liquid
645.23	212.92	0.42078	23.765	1886.2	1937.4	41.818	42.369	107.24	319.86	0.51421	49.490	0.49005	0.00015224	liquid
645.85	214.51	0.40692	24.575	1904.3	1957.7	42.127	45.051	175.35	302.02	0.55207	48.396	0.52723	9,15E-01	liquid
646.47	216.13	0.38798	25.775	1928.6	1985.1	42.544	49.873	399.39	280.02	0.59945	47.132	0.61750	3,84E-01	liquid
